       0.00390625               1.0000000000000000              0.0000000000000000              1.0000000000000000              2.5000000000000004              1.3999999999999999              1.3999999999999999
       0.01171875               1.0000000000000000              0.0000000000000000              1.0000000000000000              2.5000000000000004              1.3999999999999999              1.3999999999999999
       0.01953125               1.0000000000000000              0.0000000000000000              1.0000000000000000              2.5000000000000004              1.3999999999999999              1.3999999999999999
       0.02734375               1.0000000000000000              0.0000000000000000              1.0000000000000000              2.5000000000000004              1.3999999999999999              1.3999999999999999
       0.03515625               1.0000000000000000              0.0000000000000000              1.0000000000000000              2.5000000000000004              1.3999999999999999              1.3999999999999999
       0.04296875               1.0000000000000000              0.0000000000000000              1.0000000000000000              2.5000000000000004              1.3999999999999999              1.3999999999999999
       0.05078125               1.0000000000000000              0.0000000000000000              1.0000000000000000              2.5000000000000004              1.3999999999999999              1.3999999999999999
       0.05859375               1.0000000000000000              0.0000000000000000              1.0000000000000000              2.5000000000000004              1.3999999999999999              1.3999999999999999
       0.06640625               1.0000000000000000              0.0000000000000000              1.0000000000000000              2.5000000000000004              1.3999999999999999              1.3999999999999999
       0.07421875               1.0000000000000000              0.0000000000000000              1.0000000000000000              2.5000000000000004              1.3999999999999999              1.3999999999999999
       0.08203125               1.0000000000000000              0.0000000000000000              1.0000000000000000              2.5000000000000004              1.3999999999999999              1.3999999999999999
       0.08984375               1.0000000000000000              0.0000000000000000              1.0000000000000000              2.5000000000000004              1.3999999999999999              1.3999999999999999
       0.09765625               1.0000000000000000              0.0000000000000000              1.0000000000000000              2.5000000000000004              1.3999999999999999              1.3999999999999999
       0.10546875               1.0000000000000000              0.0000000000000000              1.0000000000000000              2.5000000000000004              1.3999999999999999              1.3999999999999999
       0.11328125               1.0000000000000000              0.0000000000000000              1.0000000000000000              2.5000000000000004              1.3999999999999999              1.3999999999999999
       0.12109375               1.0000000000000000              0.0000000000000000              1.0000000000000000              2.5000000000000004              1.3999999999999999              1.3999999999999999
       0.12890625               1.0000000000000000              0.0000000000000000              1.0000000000000000              2.5000000000000004              1.3999999999999999              1.3999999999999999
       0.13671875               1.0000000000000000              0.0000000000000000              1.0000000000000000              2.5000000000000004              1.3999999999999999              1.3999999999999999
       0.14453125               1.0000000000000000              0.0000000000000000              1.0000000000000000              2.5000000000000004              1.3999999999999999              1.3999999999999999
       0.15234375               1.0000000000000000              0.0000000000000000              1.0000000000000000              2.5000000000000004              1.3999999999999999              1.3999999999999999
       0.16015625               1.0000000000000000              0.0000000000000000              1.0000000000000000              2.5000000000000004              1.3999999999999999              1.3999999999999999
       0.16796875               1.0000000000000000              0.0000000000000000              1.0000000000000000              2.5000000000000004              1.3999999999999999              1.3999999999999999
       0.17578125               1.0000000000000000              0.0000000000000000              1.0000000000000000              2.5000000000000004              1.3999999999999999              1.3999999999999999
       0.18359375               1.0000000000000000              0.0000000000000000              1.0000000000000000              2.5000000000000004              1.3999999999999999              1.3999999999999999
       0.19140625               1.0000000000000000              0.0000000000000000              1.0000000000000000              2.5000000000000004              1.3999999999999999              1.3999999999999999
       0.19921875               1.0000000000000000              0.0000000000000000              1.0000000000000000              2.5000000000000004              1.3999999999999999              1.3999999999999999
       0.20703125               1.0000000000000000              0.0000000000000000              1.0000000000000000              2.5000000000000004              1.3999999999999999              1.3999999999999999
       0.21484375               1.0000000000000000              0.0000000000000001              1.0000000000000000              2.5000000000000004              1.3999999999999999              1.3999999999999999
       0.22265625               0.9999999999999993              0.0000000000000008              0.9999999999999991              2.4999999999999982              1.3999999999999999              1.3999999999999999
       0.23046875               0.9999999999999883              0.0000000000000139              0.9999999999999837              2.4999999999999596              1.3999999999999999              1.3999999999999999
       0.23828125               0.9999999999998259              0.0000000000002062              0.9999999999997563              2.4999999999993912              1.3999999999999999              1.3999999999999999
       0.24609375               0.9999999999976792              0.0000000000027458              0.9999999999967510              2.4999999999918781              1.3999999999999999              1.3999999999999999
       0.25390625               0.9999999999723038              0.0000000000327706              0.9999999999612257              2.4999999999030647              1.3999999999999999              1.3999999999999999
       0.26171875               0.9999999997025909              0.0000000003518989              0.9999999995836274              2.4999999989590691              1.3999999999999999              1.3999999999999999
       0.26953125               0.9999999971165866              0.0000000034117009              0.9999999959632212              2.4999999899080536              1.3999999999999999              1.3999999999999999
       0.27734375               0.9999999746762817              0.0000000299634267              0.9999999645467951              2.4999999113669884              1.3999999999999999              1.3999999999999999
       0.28515625               0.9999997978525044              0.0000002391841294              0.9999997169935636              2.4999992924839098              1.3999999999999999              1.3999999999999999
       0.29296875               0.9999985280193595              0.0000017416706807              0.9999979392297069              2.4999948480742678              1.3999999999999999              1.3999999999999999
       0.30078125               0.9999901814375429              0.0000116174808465              0.9999862541139892              2.4999656352849740              1.3999999999999999              1.3999999999999999
       0.30859375               0.9999396492305990              0.0000714084610892              0.9999155123373664              2.4997887808434167              1.3999999999999999              1.3999999999999999
       0.31640625               0.9996546890579076              0.0004086044689480              0.9995166647200890              2.4987916618002233              1.3999999999999999              1.3999999999999999
       0.32421875               0.9981359657482056              0.0022067854873044              0.9973927895917857              2.4934819739794647              1.3999999999999999              1.3999999999999999
       0.33203125               0.9917485249545994              0.0097988281794922              0.9884790764679011              2.4711976911697535              1.3999999999999999              1.3999999999999999
       0.33984375               0.9766873445695929              0.0278631383063708              0.9675562967353225              2.4188907418383070              1.3999999999999999              1.3999999999999999
       0.34765625               0.9524297674794929              0.0574440795052389              0.9341247322589276              2.3353118306473197              1.3999999999999999              1.3999999999999999
       0.35546875               0.9214135129980974              0.0961619401176054              0.8918529853628687              2.2296324634071722              1.3999999999999999              1.3999999999999999
       0.36328125               0.8867807450174052              0.1406511000989174              0.8452917716513342              2.1132294291283360              1.3999999999999999              1.3999999999999999
       0.37109375               0.8507437658467218              0.1884271592025742              0.7976430395073349              1.9941075987683379              1.3999999999999999              1.3999999999999999
       0.37890625               0.8149595825147317              0.2375486750300324              0.7509314657637354              1.8773286644093390              1.3999999999999999              1.3999999999999999
       0.38671875               0.7797394257408916              0.2870047237133279              0.7063724790511371              1.7659311976278431              1.3999999999999999              1.3999999999999999
       0.39453125               0.7473501375401937              0.3360045664352071              0.6644485515472470              1.6611213788681176              1.3999999999999999              1.3999999999999999
       0.40234375               0.7137963895481972              0.3843293642005834              0.6252255231633114              1.5630638079082788              1.3999999999999999              1.3999999999999999
       0.41015625               0.6860645284125482              0.4317691312613820              0.5886465402244548              1.4716163505611375              1.3999999999999999              1.3999999999999999
       0.41796875               0.6556767541799152              0.4782643266319845              0.5545864342029579              1.3864660855073951              1.3999999999999999              1.3999999999999999
       0.42578125               0.6286540856175965              0.5236335068734426              0.5230292836792940              1.3075732091982353              1.3999999999999999              1.3999999999999999
       0.43359375               0.6053173032944985              0.5678193738980097              0.4937454474800339              1.2343636187000850              1.3999999999999999              1.3999999999999999
       0.44140625               0.5800157179803324              0.6107898719567717              0.4666164140048805              1.1665410350122014              1.3999999999999999              1.3999999999999999
       0.44921875               0.5563154032268418              0.6525578391418940              0.4415344977652192              1.1038362444130483              1.3999999999999999              1.3999999999999999
       0.45703125               0.5368641469331931              0.6933053854774974              0.4181815354781430              1.0454538386953578              1.3999999999999999              1.3999999999999999
       0.46484375               0.5175564830539902              0.7333702211020259              0.3962130035408605              0.9905325088521515              1.3999999999999999              1.3999999999999999
       0.47265625               0.4962164984866154              0.7731611372951757              0.3753884942546812              0.9384712356367031              1.3999999999999999              1.3999999999999999
       0.48046875               0.4764764720763729              0.8132034165179668              0.3554660119535635              0.8886650298839089              1.3999999999999999              1.3999999999999999
       0.48828125               0.4582282045990200              0.8539298488971141              0.3360953193407294              0.8402382983518236              1.3999999999999999              1.3999999999999999
       0.49609375               0.4425573435284674              0.8944057819172818              0.3177513941435501              0.7943784853588755              1.3999999999999999              1.3999999999999999
       0.50390625               0.4267257721799961              0.9294810203502684              0.3024250231723782              0.7560625579309458              1.3999999999999999              1.3999999999999999
       0.51171875               0.4185262088420911              0.9436701826238236              0.2963936131331373              0.7409840328328435              1.3999999999999999              1.3999999999999999
       0.51953125               0.4198586636405173              0.9398455535938460              0.2980057896192352              0.7450144740480883              1.3999999999999999              1.3999999999999999
       0.52734375               0.4256575151830449              0.9290437556740164              0.3025603945785897              0.7564009864464745              1.3999999999999999              1.3999999999999999
       0.53515625               0.4271846660759867              0.9285533152665857              0.3028562994994793              0.7571407487486983              1.3999999999999999              1.3999999999999999
       0.54296875               0.4267290010662698              0.9291107244349417              0.3026676337008365              0.7566690842520915              1.3999999999999999              1.3999999999999999
       0.55078125               0.4247700133952049              0.9294492922286880              0.3025654011185204              0.7564135027963010              1.3999999999999999              1.3999999999999999
       0.55859375               0.4243124773091742              0.9290673614038726              0.3027305100294846              0.7568262750737116              1.3999999999999999              1.3999999999999999
       0.56640625               0.4246064979531413              0.9293996901786802              0.3025673839434869              0.7564184598587174              1.3999999999999999              1.3999999999999999
       0.57421875               0.4269676806106107              0.9289378785316821              0.3027331047961439              0.7568327619903599              1.3999999999999999              1.3999999999999999
       0.58203125               0.4278736906998374              0.9286833401459594              0.3028027484092240              0.7570068710230602              1.3999999999999999              1.3999999999999999
       0.58984375               0.4277428270747479              0.9281750888523443              0.3029922507297049              0.7574806268242624              1.3999999999999999              1.3999999999999999
       0.59765625               0.4253839965149278              0.9281871138441213              0.3030129552087674              0.7575323880219187              1.3999999999999999              1.3999999999999999
       0.60546875               0.4138792781381686              0.9280918167294959              0.3031173597636837              0.7577933994092094              1.3999999999999999              1.3999999999999999
       0.61328125               0.3907610191298635              0.9282622254156973              0.3031281040795385              0.7578202601988464              1.3999999999999999              1.3999999999999999
       0.62109375               0.3572711443928757              0.9283669931789172              0.3031898021763912              0.7579745054409781              1.3999999999999999              1.3999999999999999
       0.62890625               0.3160640716347838              0.9284310344684660              0.3032755625109213              0.7581889062773034              1.3999999999999999              1.3999999999999999
       0.63671875               0.2827402979757830              0.9279857847155566              0.3035185284728733              0.7587963211821835              1.3999999999999999              1.3999999999999999
       0.64453125               0.2659183784877004              0.9280375548459755              0.3035790263614858              0.7589475659037145              1.3999999999999999              1.3999999999999999
       0.65234375               0.2609970705225867              0.9283452724151717              0.3035118461137173              0.7587796152842934              1.3999999999999999              1.3999999999999999
       0.66015625               0.2604737359807040              0.9280623567325671              0.3036256331784674              0.7590640829461687              1.3999999999999999              1.3999999999999999
       0.66796875               0.2606948665491561              0.9284452678205499              0.3034968988167853              0.7587422470419635              1.3999999999999999              1.3999999999999999
       0.67578125               0.2623808396923354              0.9286511779991268              0.3033860021013700              0.7584650052534251              1.3999999999999999              1.3999999999999999
       0.68359375               0.2649090725465644              0.9281191402334804              0.3035018333805584              0.7587545834513960              1.3999999999999999              1.3999999999999999
       0.69140625               0.2652960646830401              0.9301325726308104              0.3028056403375608              0.7570141008439022              1.3999999999999999              1.3999999999999999
       0.69921875               0.2663144683524375              0.9274203485024132              0.3037311541291677              0.7593278853229195              1.3999999999999999              1.3999999999999999
       0.70703125               0.2667874722500207              0.9273601878919415              0.3040591344470335              0.7601478361175839              1.3999999999999999              1.3999999999999999
       0.71484375               0.2661144702004865              0.9314369477336490              0.3030031846436743              0.7575079616091858              1.3999999999999999              1.3999999999999999
       0.72265625               0.2663678774537451              0.9232287147948464              0.3036212005967496              0.7590530014918743              1.3999999999999999              1.3999999999999999
       0.73046875               0.2503536838189042              0.8472121699510163              0.2801330918434511              0.7003327296086278              1.3999999999999999              1.3999999999999999
       0.73828125               0.1575238152448915              0.2892069918321280              0.1449591543281797              0.3623978858204493              1.3999999999999999              1.3999999999999999
       0.74609375               0.1254981845588706              0.0043338621855242              0.1005741806534753              0.2514354516336882              1.3999999999999999              1.3999999999999999
       0.75390625               0.1250042223882999              0.0000358187095510              0.1000047384218415              0.2500118460546038              1.3999999999999999              1.3999999999999999
       0.76171875               0.1250000347484844              0.0000002942314743              0.1000000389231690              0.2500000973079226              1.3999999999999999              1.3999999999999999
       0.76953125               0.1250000002916192              0.0000000024689864              0.1000000003266162              0.2500000008165405              1.3999999999999999              1.3999999999999999
       0.77734375               0.1250000000024171              0.0000000000204639              0.1000000000027071              0.2500000000067679              1.3999999999999999              1.3999999999999999
       0.78515625               0.1250000000000198              0.0000000000001675              0.1000000000000222              0.2500000000000555              1.3999999999999999              1.3999999999999999
       0.79296875               0.1250000000000001              0.0000000000000014              0.1000000000000002              0.2500000000000006              1.3999999999999999              1.3999999999999999
       0.80078125               0.1250000000000000              0.0000000000000000              0.1000000000000000              0.2500000000000001              1.3999999999999999              1.3999999999999999
       0.80859375               0.1250000000000000              0.0000000000000000              0.1000000000000000              0.2500000000000001              1.3999999999999999              1.3999999999999999
       0.81640625               0.1250000000000000              0.0000000000000000              0.1000000000000000              0.2500000000000001              1.3999999999999999              1.3999999999999999
       0.82421875               0.1250000000000000              0.0000000000000000              0.1000000000000000              0.2500000000000001              1.3999999999999999              1.3999999999999999
       0.83203125               0.1250000000000000              0.0000000000000000              0.1000000000000000              0.2500000000000001              1.3999999999999999              1.3999999999999999
       0.83984375               0.1250000000000000              0.0000000000000000              0.1000000000000000              0.2500000000000001              1.3999999999999999              1.3999999999999999
       0.84765625               0.1250000000000000              0.0000000000000000              0.1000000000000000              0.2500000000000001              1.3999999999999999              1.3999999999999999
       0.85546875               0.1250000000000000              0.0000000000000000              0.1000000000000000              0.2500000000000001              1.3999999999999999              1.3999999999999999
       0.86328125               0.1250000000000000              0.0000000000000000              0.1000000000000000              0.2500000000000001              1.3999999999999999              1.3999999999999999
       0.87109375               0.1250000000000000              0.0000000000000000              0.1000000000000000              0.2500000000000001              1.3999999999999999              1.3999999999999999
       0.87890625               0.1250000000000000              0.0000000000000000              0.1000000000000000              0.2500000000000001              1.3999999999999999              1.3999999999999999
       0.88671875               0.1250000000000000              0.0000000000000000              0.1000000000000000              0.2500000000000001              1.3999999999999999              1.3999999999999999
       0.89453125               0.1250000000000000              0.0000000000000000              0.1000000000000000              0.2500000000000001              1.3999999999999999              1.3999999999999999
       0.90234375               0.1250000000000000              0.0000000000000000              0.1000000000000000              0.2500000000000001              1.3999999999999999              1.3999999999999999
       0.91015625               0.1250000000000000              0.0000000000000000              0.1000000000000000              0.2500000000000001              1.3999999999999999              1.3999999999999999
       0.91796875               0.1250000000000000              0.0000000000000000              0.1000000000000000              0.2500000000000001              1.3999999999999999              1.3999999999999999
       0.92578125               0.1250000000000000              0.0000000000000000              0.1000000000000000              0.2500000000000001              1.3999999999999999              1.3999999999999999
       0.93359375               0.1250000000000000              0.0000000000000000              0.1000000000000000              0.2500000000000001              1.3999999999999999              1.3999999999999999
       0.94140625               0.1250000000000000              0.0000000000000000              0.1000000000000000              0.2500000000000001              1.3999999999999999              1.3999999999999999
       0.94921875               0.1250000000000000              0.0000000000000000              0.1000000000000000              0.2500000000000001              1.3999999999999999              1.3999999999999999
       0.95703125               0.1250000000000000              0.0000000000000000              0.1000000000000000              0.2500000000000001              1.3999999999999999              1.3999999999999999
       0.96484375               0.1250000000000000              0.0000000000000000              0.1000000000000000              0.2500000000000001              1.3999999999999999              1.3999999999999999
       0.97265625               0.1250000000000000              0.0000000000000000              0.1000000000000000              0.2500000000000001              1.3999999999999999              1.3999999999999999
       0.98046875               0.1250000000000000              0.0000000000000000              0.1000000000000000              0.2500000000000001              1.3999999999999999              1.3999999999999999
       0.98828125               0.1250000000000000              0.0000000000000000              0.1000000000000000              0.2500000000000001              1.3999999999999999              1.3999999999999999
       0.99609375               0.1250000000000000              0.0000000000000000              0.1000000000000000              0.2500000000000001              1.3999999999999999              1.3999999999999999
