       0.00390625               1.0000000000000000              0.0000000000000000              1.0000000000000000              2.5000000000000004              1.3999999999999999              1.3999999999999999
       0.01171875               1.0000000000000000              0.0000000000000000              1.0000000000000000              2.5000000000000004              1.3999999999999999              1.3999999999999999
       0.01953125               1.0000000000000000              0.0000000000000000              1.0000000000000000              2.5000000000000004              1.3999999999999999              1.3999999999999999
       0.02734375               1.0000000000000000              0.0000000000000000              1.0000000000000000              2.5000000000000004              1.3999999999999999              1.3999999999999999
       0.03515625               1.0000000000000000              0.0000000000000000              1.0000000000000000              2.5000000000000004              1.3999999999999999              1.3999999999999999
       0.04296875               1.0000000000000000              0.0000000000000000              1.0000000000000000              2.5000000000000004              1.3999999999999999              1.3999999999999999
       0.05078125               1.0000000000000000              0.0000000000000000              1.0000000000000000              2.5000000000000004              1.3999999999999999              1.3999999999999999
       0.05859375               1.0000000000000000              0.0000000000000000              1.0000000000000000              2.5000000000000004              1.3999999999999999              1.3999999999999999
       0.06640625               1.0000000000000000              0.0000000000000000              1.0000000000000000              2.5000000000000004              1.3999999999999999              1.3999999999999999
       0.07421875               1.0000000000000000              0.0000000000000000              1.0000000000000000              2.5000000000000004              1.3999999999999999              1.3999999999999999
       0.08203125               1.0000000000000000              0.0000000000000000              1.0000000000000000              2.5000000000000004              1.3999999999999999              1.3999999999999999
       0.08984375               1.0000000000000000              0.0000000000000000              1.0000000000000000              2.5000000000000004              1.3999999999999999              1.3999999999999999
       0.09765625               1.0000000000000000              0.0000000000000000              1.0000000000000000              2.5000000000000004              1.3999999999999999              1.3999999999999999
       0.10546875               1.0000000000000000              0.0000000000000000              1.0000000000000000              2.5000000000000004              1.3999999999999999              1.3999999999999999
       0.11328125               1.0000000000000000              0.0000000000000000              1.0000000000000000              2.5000000000000004              1.3999999999999999              1.3999999999999999
       0.12109375               1.0000000000000000              0.0000000000000000              1.0000000000000000              2.5000000000000004              1.3999999999999999              1.3999999999999999
       0.12890625               1.0000000000000000              0.0000000000000000              1.0000000000000000              2.5000000000000004              1.3999999999999999              1.3999999999999999
       0.13671875               1.0000000000000000              0.0000000000000000              1.0000000000000000              2.5000000000000004              1.3999999999999999              1.3999999999999999
       0.14453125               1.0000000000000000              0.0000000000000000              1.0000000000000000              2.5000000000000004              1.3999999999999999              1.3999999999999999
       0.15234375               1.0000000000000000              0.0000000000000000              1.0000000000000000              2.5000000000000004              1.3999999999999999              1.3999999999999999
       0.16015625               1.0000000000000000              0.0000000000000000              1.0000000000000000              2.5000000000000004              1.3999999999999999              1.3999999999999999
       0.16796875               1.0000000000000000              0.0000000000000000              1.0000000000000000              2.5000000000000004              1.3999999999999999              1.3999999999999999
       0.17578125               1.0000000000000000              0.0000000000000000              1.0000000000000000              2.5000000000000004              1.3999999999999999              1.3999999999999999
       0.18359375               1.0000000000000000              0.0000000000000000              1.0000000000000000              2.5000000000000004              1.3999999999999999              1.3999999999999999
       0.19140625               1.0000000000000000              0.0000000000000000              1.0000000000000000              2.5000000000000004              1.3999999999999999              1.3999999999999999
       0.19921875               0.9999999999999998              0.0000000000000003              0.9999999999999996              2.4999999999999996              1.3999999999999999              1.3999999999999999
       0.20703125               0.9999999999999964              0.0000000000000041              0.9999999999999951              2.4999999999999885              1.3999999999999999              1.3999999999999999
       0.21484375               0.9999999999999523              0.0000000000000563              0.9999999999999334              2.4999999999998339              1.3999999999999999              1.3999999999999999
       0.22265625               0.9999999999993991              0.0000000000007108              0.9999999999991587              2.4999999999978977              1.3999999999999999              1.3999999999999999
       0.23046875               0.9999999999931495              0.0000000000081062              0.9999999999904089              2.4999999999760227              1.3999999999999999              1.3999999999999999
       0.23828125               0.9999999999288915              0.0000000000841366              0.9999999999004476              2.4999999997511195              1.3999999999999999              1.3999999999999999
       0.24609375               0.9999999993264652              0.0000000007969371              0.9999999990570513              2.4999999976426288              1.3999999999999999              1.3999999999999999
       0.25390625               0.9999999941631632              0.0000000069062384              0.9999999918284284              2.4999999795710717              1.3999999999999999              1.3999999999999999
       0.26171875               0.9999999535993924              0.0000000549019383              0.9999999350391532              2.4999998375978834              1.3999999999999999              1.3999999999999999
       0.26953125               0.9999996606497755              0.0000004015245814              0.9999995249098272              2.4999988122745687              1.3999999999999999              1.3999999999999999
       0.27734375               0.9999977086885546              0.0000027111161511              0.9999967921696722              2.4999919804241810              1.3999999999999999              1.3999999999999999
       0.28515625               0.9999856475243447              0.0000169820968031              0.9999799067349698              2.4999497668374251              1.3999999999999999              1.3999999999999999
       0.29296875               0.9999161028553282              0.0000992697362442              0.9998825502157270              2.4997063755393181              1.3999999999999999              1.3999999999999999
       0.30078125               0.9995392391563447              0.0005452381525487              0.9993551027029569              2.4983877567573929              1.3999999999999999              1.3999999999999999
       0.30859375               0.9975761857291412              0.0028702195084266              0.9966104960367277              2.4915262400918197              1.3999999999999999              1.3999999999999999
       0.31640625               0.9904035356503719              0.0114033136135438              0.9866045564664522              2.4665113911661307              1.3999999999999999              1.3999999999999999
       0.32421875               0.9752215062755479              0.0296341962289705              0.9655195799021596              2.4137989497553995              1.3999999999999999              1.3999999999999999
       0.33203125               0.9521250595583106              0.0578124812737350              0.9336952663096231              2.3342381657740581              1.3999999999999999              1.3999999999999999
       0.33984375               0.9234715538118495              0.0935487590800693              0.8946227591913017              2.2365568979782546              1.3999999999999999              1.3999999999999999
       0.34765625               0.8919397820531855              0.1339091323953734              0.8521651674240813              2.1304129185602037              1.3999999999999999              1.3999999999999999
       0.35546875               0.8593073778797813              0.1768980322537548              0.8088664437426001              2.0221661093565007              1.3999999999999999              1.3999999999999999
       0.36328125               0.8267954770072627              0.2210471774307146              0.7662758803625649              1.9156897009064124              1.3999999999999999              1.3999999999999999
       0.37109375               0.7947211168566922              0.2656947565993299              0.7252344845326925              1.8130862113317316              1.3999999999999999              1.3999999999999999
       0.37890625               0.7644520419865796              0.3101918778110166              0.6861987247430603              1.7154968118576512              1.3999999999999999              1.3999999999999999
       0.38671875               0.7337936110475453              0.3542598021182116              0.6493341032951101              1.6233352582377754              1.3999999999999999              1.3999999999999999
       0.39453125               0.7072964463084064              0.3977522600520355              0.6146193708083433              1.5365484270208585              1.3999999999999999              1.3999999999999999
       0.40234375               0.6783318039461607              0.4406012516375278              0.5819838247146487              1.4549595617866220              1.3999999999999999              1.3999999999999999
       0.41015625               0.6537267114101495              0.4826706606177796              0.5514147415215523              1.3785368538038811              1.3999999999999999              1.3999999999999999
       0.41796875               0.6300530029157596              0.5239232020633937              0.5227533764769987              1.3068834411924972              1.3999999999999999              1.3999999999999999
       0.42578125               0.6049848061840720              0.5642782308065387              0.4959792706493536              1.2399481766233844              1.3999999999999999              1.3999999999999999
       0.43359375               0.5837276776153068              0.6036828587513843              0.4710018024037723              1.1775045060094309              1.3999999999999999              1.3999999999999999
       0.44140625               0.5643109576135313              0.6421688555430983              0.4476198110990229              1.1190495277475576              1.3999999999999999              1.3999999999999999
       0.44921875               0.5432741520281478              0.6798279008195866              0.4257028239460147              1.0642570598650369              1.3999999999999999              1.3999999999999999
       0.45703125               0.5232190911454969              0.7168464095477477              0.4051029219199372              1.0127573047998430              1.3999999999999999              1.3999999999999999
       0.46484375               0.5062614857237219              0.7535136408007624              0.3855462585661247              0.9638656464153120              1.3999999999999999              1.3999999999999999
       0.47265625               0.4895117730079182              0.7901674844315693              0.3667880805574569              0.9169702013936425              1.3999999999999999              1.3999999999999999
       0.48046875               0.4716838336299656              0.8272294256373726              0.3486180308280795              0.8715450770701989              1.3999999999999999              1.3999999999999999
       0.48828125               0.4528452501041746              0.8648585949147972              0.3309724390384448              0.8274310975961120              1.3999999999999999              1.3999999999999999
       0.49609375               0.4362992634249483              0.9016726540174319              0.3145040005541197              0.7862600013852994              1.3999999999999999              1.3999999999999999
       0.50390625               0.4252720055517763              0.9325872219421483              0.3011312521757366              0.7528281304393417              1.3999999999999999              1.3999999999999999
       0.51171875               0.4206236569128732              0.9435473664895262              0.2964754910700867              0.7411887276752169              1.3999999999999999              1.3999999999999999
       0.51953125               0.4222909482014648              0.9384398028260935              0.2986120976209271              0.7465302440523178              1.3999999999999999              1.3999999999999999
       0.52734375               0.4243039372570002              0.9289151280410408              0.3026062286345822              0.7565155715864557              1.3999999999999999              1.3999999999999999
       0.53515625               0.4253920366320411              0.9284516560250461              0.3027866663471485              0.7569666658678714              1.3999999999999999              1.3999999999999999
       0.54296875               0.4263131975237438              0.9289743439277300              0.3025566026831024              0.7563915067077561              1.3999999999999999              1.3999999999999999
       0.55078125               0.4265284864154480              0.9292150157011608              0.3025031002063318              0.7562577505158296              1.3999999999999999              1.3999999999999999
       0.55859375               0.4261100683050565              0.9289718321803647              0.3026541590284272              0.7566353975710683              1.3999999999999999              1.3999999999999999
       0.56640625               0.4246163090254874              0.9293178475052317              0.3025562617460280              0.7563906543650702              1.3999999999999999              1.3999999999999999
       0.57421875               0.4245907457821422              0.9289255439707306              0.3027624071108846              0.7569060177772118              1.3999999999999999              1.3999999999999999
       0.58203125               0.4256167143916815              0.9287184450511520              0.3028733496893954              0.7571833742234888              1.3999999999999999              1.3999999999999999
       0.58984375               0.4275779134098912              0.9283042756141007              0.3030514120196506              0.7576285300491268              1.3999999999999999              1.3999999999999999
       0.59765625               0.4278301504378019              0.9282285693877508              0.3030493365534155              0.7576233413835389              1.3999999999999999              1.3999999999999999
       0.60546875               0.4273619173563590              0.9280352418418824              0.3030882244213300              0.7577205610533253              1.3999999999999999              1.3999999999999999
       0.61328125               0.4230150962807094              0.9280777009224098              0.3030489083613769              0.7576222709034424              1.3999999999999999              1.3999999999999999
       0.62109375               0.4079928996436657              0.9280276542233091              0.3030695947984189              0.7576739869960474              1.3999999999999999              1.3999999999999999
       0.62890625               0.3815555070265401              0.9278232270735063              0.3031828689722932              0.7579571724307330              1.3999999999999999              1.3999999999999999
       0.63671875               0.3444404479593061              0.9275081206977840              0.3033724801504503              0.7584312003761258              1.3999999999999999              1.3999999999999999
       0.64453125               0.3035326535165638              0.9276623743136283              0.3033806844457511              0.7584517111143779              1.3999999999999999              1.3999999999999999
       0.65234375               0.2754625709461571              0.9278194082232815              0.3034155650147334              0.7585389125368337              1.3999999999999999              1.3999999999999999
       0.66015625               0.2636015422621489              0.9279532906538555              0.3034687630814165              0.7586719077035413              1.3999999999999999              1.3999999999999999
       0.66796875               0.2608146650576588              0.9284061843614921              0.3033848273000599              0.7584620682501501              1.3999999999999999              1.3999999999999999
       0.67578125               0.2605889947792586              0.9285965200888816              0.3033848992235123              0.7584622480587809              1.3999999999999999              1.3999999999999999
       0.68359375               0.2611171007284246              0.9289647283789469              0.3033058608131953              0.7582646520329884              1.3999999999999999              1.3999999999999999
       0.69140625               0.2629702107760653              0.9289995079153284              0.3033094174360127              0.7582735435900319              1.3999999999999999              1.3999999999999999
       0.69921875               0.2653072638862443              0.9275120456827246              0.3037944272671529              0.7594860681678824              1.3999999999999999              1.3999999999999999
       0.70703125               0.2659135851357766              0.9283762411593509              0.3034749844587797              0.7586874611469494              1.3999999999999999              1.3999999999999999
       0.71484375               0.2662187970222557              0.9284179069302207              0.3034032552934542              0.7585081382336357              1.3999999999999999              1.3999999999999999
       0.72265625               0.2666260849064438              0.9269967031717476              0.3038665279006698              0.7596663197516745              1.3999999999999999              1.3999999999999999
       0.73046875               0.2657822517729722              0.9309354031973049              0.3026622861545616              0.7566557153864043              1.3999999999999999              1.3999999999999999
       0.73828125               0.2668349623969964              0.9263702131913650              0.3045983378523168              0.7614958446307921              1.3999999999999999              1.3999999999999999
       0.74609375               0.2650308221031550              0.9297563897168665              0.3021293366521967              0.7553233416304920              1.3999999999999999              1.3999999999999999
       0.75390625               0.2578691214244112              0.8803007395603675              0.2911376393006017              0.7278440982515042              1.3999999999999999              1.3999999999999999
       0.76171875               0.1749774350017440              0.4211697909663121              0.1706661157893338              0.4266652894733345              1.3999999999999999              1.3999999999999999
       0.76953125               0.1261379407796293              0.0100418145435755              0.1013334510733897              0.2533336276834742              1.3999999999999999              1.3999999999999999
       0.77734375               0.1250100659865650              0.0000854967570143              0.1000113104561699              0.2500282761404248              1.3999999999999999              1.3999999999999999
       0.78515625               0.1250000839102912              0.0000007105673694              0.1000000939992477              0.2500002349981194              1.3999999999999999              1.3999999999999999
       0.79296875               0.1250000006897234              0.0000000058395559              0.1000000007725006              0.2500000019312517              1.3999999999999999              1.3999999999999999
       0.80078125               0.1250000000056924              0.0000000000481939              0.1000000000063754              0.2500000000159386              1.3999999999999999              1.3999999999999999
       0.80859375               0.1250000000000476              0.0000000000004030              0.1000000000000533              0.2500000000001333              1.3999999999999999              1.3999999999999999
       0.81640625               0.1250000000000004              0.0000000000000033              0.1000000000000004              0.2500000000000012              1.3999999999999999              1.3999999999999999
       0.82421875               0.1250000000000000              0.0000000000000000              0.1000000000000000              0.2500000000000001              1.3999999999999999              1.3999999999999999
       0.83203125               0.1250000000000000              0.0000000000000000              0.1000000000000000              0.2500000000000001              1.3999999999999999              1.3999999999999999
       0.83984375               0.1250000000000000              0.0000000000000000              0.1000000000000000              0.2500000000000001              1.3999999999999999              1.3999999999999999
       0.84765625               0.1250000000000000              0.0000000000000000              0.1000000000000000              0.2500000000000001              1.3999999999999999              1.3999999999999999
       0.85546875               0.1250000000000000              0.0000000000000000              0.1000000000000000              0.2500000000000001              1.3999999999999999              1.3999999999999999
       0.86328125               0.1250000000000000              0.0000000000000000              0.1000000000000000              0.2500000000000001              1.3999999999999999              1.3999999999999999
       0.87109375               0.1250000000000000              0.0000000000000000              0.1000000000000000              0.2500000000000001              1.3999999999999999              1.3999999999999999
       0.87890625               0.1250000000000000              0.0000000000000000              0.1000000000000000              0.2500000000000001              1.3999999999999999              1.3999999999999999
       0.88671875               0.1250000000000000              0.0000000000000000              0.1000000000000000              0.2500000000000001              1.3999999999999999              1.3999999999999999
       0.89453125               0.1250000000000000              0.0000000000000000              0.1000000000000000              0.2500000000000001              1.3999999999999999              1.3999999999999999
       0.90234375               0.1250000000000000              0.0000000000000000              0.1000000000000000              0.2500000000000001              1.3999999999999999              1.3999999999999999
       0.91015625               0.1250000000000000              0.0000000000000000              0.1000000000000000              0.2500000000000001              1.3999999999999999              1.3999999999999999
       0.91796875               0.1250000000000000              0.0000000000000000              0.1000000000000000              0.2500000000000001              1.3999999999999999              1.3999999999999999
       0.92578125               0.1250000000000000              0.0000000000000000              0.1000000000000000              0.2500000000000001              1.3999999999999999              1.3999999999999999
       0.93359375               0.1250000000000000              0.0000000000000000              0.1000000000000000              0.2500000000000001              1.3999999999999999              1.3999999999999999
       0.94140625               0.1250000000000000              0.0000000000000000              0.1000000000000000              0.2500000000000001              1.3999999999999999              1.3999999999999999
       0.94921875               0.1250000000000000              0.0000000000000000              0.1000000000000000              0.2500000000000001              1.3999999999999999              1.3999999999999999
       0.95703125               0.1250000000000000              0.0000000000000000              0.1000000000000000              0.2500000000000001              1.3999999999999999              1.3999999999999999
       0.96484375               0.1250000000000000              0.0000000000000000              0.1000000000000000              0.2500000000000001              1.3999999999999999              1.3999999999999999
       0.97265625               0.1250000000000000              0.0000000000000000              0.1000000000000000              0.2500000000000001              1.3999999999999999              1.3999999999999999
       0.98046875               0.1250000000000000              0.0000000000000000              0.1000000000000000              0.2500000000000001              1.3999999999999999              1.3999999999999999
       0.98828125               0.1250000000000000              0.0000000000000000              0.1000000000000000              0.2500000000000001              1.3999999999999999              1.3999999999999999
       0.99609375               0.1250000000000000              0.0000000000000000              0.1000000000000000              0.2500000000000001              1.3999999999999999              1.3999999999999999
