       0.00390625               1.0000000000000000              0.0000000000000000              1.0000000000000000              2.5000000000000004              1.3999999999999999              1.3999999999999999
       0.01171875               1.0000000000000000              0.0000000000000000              1.0000000000000000              2.5000000000000004              1.3999999999999999              1.3999999999999999
       0.01953125               1.0000000000000000              0.0000000000000000              1.0000000000000000              2.5000000000000004              1.3999999999999999              1.3999999999999999
       0.02734375               1.0000000000000000              0.0000000000000000              1.0000000000000000              2.5000000000000004              1.3999999999999999              1.3999999999999999
       0.03515625               1.0000000000000000              0.0000000000000000              1.0000000000000000              2.5000000000000004              1.3999999999999999              1.3999999999999999
       0.04296875               1.0000000000000000              0.0000000000000000              1.0000000000000000              2.5000000000000004              1.3999999999999999              1.3999999999999999
       0.05078125               1.0000000000000000              0.0000000000000000              1.0000000000000000              2.5000000000000004              1.3999999999999999              1.3999999999999999
       0.05859375               1.0000000000000000              0.0000000000000000              1.0000000000000000              2.5000000000000004              1.3999999999999999              1.3999999999999999
       0.06640625               1.0000000000000000              0.0000000000000000              1.0000000000000000              2.5000000000000004              1.3999999999999999              1.3999999999999999
       0.07421875               1.0000000000000000              0.0000000000000000              1.0000000000000000              2.5000000000000004              1.3999999999999999              1.3999999999999999
       0.08203125               1.0000000000000000              0.0000000000000000              1.0000000000000000              2.5000000000000004              1.3999999999999999              1.3999999999999999
       0.08984375               1.0000000000000000              0.0000000000000000              1.0000000000000000              2.5000000000000004              1.3999999999999999              1.3999999999999999
       0.09765625               1.0000000000000000              0.0000000000000000              1.0000000000000000              2.5000000000000004              1.3999999999999999              1.3999999999999999
       0.10546875               1.0000000000000000              0.0000000000000000              1.0000000000000000              2.5000000000000004              1.3999999999999999              1.3999999999999999
       0.11328125               1.0000000000000000              0.0000000000000000              1.0000000000000000              2.5000000000000004              1.3999999999999999              1.3999999999999999
       0.12109375               1.0000000000000000              0.0000000000000000              1.0000000000000000              2.5000000000000004              1.3999999999999999              1.3999999999999999
       0.12890625               1.0000000000000000              0.0000000000000000              1.0000000000000000              2.5000000000000004              1.3999999999999999              1.3999999999999999
       0.13671875               1.0000000000000000              0.0000000000000000              1.0000000000000000              2.5000000000000004              1.3999999999999999              1.3999999999999999
       0.14453125               1.0000000000000000              0.0000000000000000              1.0000000000000000              2.5000000000000004              1.3999999999999999              1.3999999999999999
       0.15234375               1.0000000000000000              0.0000000000000000              1.0000000000000000              2.5000000000000004              1.3999999999999999              1.3999999999999999
       0.16015625               1.0000000000000000              0.0000000000000000              1.0000000000000000              2.5000000000000004              1.3999999999999999              1.3999999999999999
       0.16796875               1.0000000000000000              0.0000000000000000              1.0000000000000000              2.5000000000000004              1.3999999999999999              1.3999999999999999
       0.17578125               1.0000000000000000              0.0000000000000000              1.0000000000000000              2.5000000000000004              1.3999999999999999              1.3999999999999999
       0.18359375               1.0000000000000000              0.0000000000000000              1.0000000000000000              2.5000000000000004              1.3999999999999999              1.3999999999999999
       0.19140625               1.0000000000000000              0.0000000000000000              1.0000000000000000              2.5000000000000004              1.3999999999999999              1.3999999999999999
       0.19921875               1.0000000000000000              0.0000000000000000              1.0000000000000000              2.5000000000000004              1.3999999999999999              1.3999999999999999
       0.20703125               0.9999999999999996              0.0000000000000004              0.9999999999999997              2.4999999999999996              1.3999999999999999              1.3999999999999999
       0.21484375               0.9999999999999937              0.0000000000000075              0.9999999999999911              2.4999999999999782              1.3999999999999999              1.3999999999999999
       0.22265625               0.9999999999999125              0.0000000000001036              0.9999999999998773              2.4999999999996940              1.3999999999999999              1.3999999999999999
       0.23046875               0.9999999999989122              0.0000000000012873              0.9999999999984772              2.4999999999961933              1.3999999999999999              1.3999999999999999
       0.23828125               0.9999999999877249              0.0000000000145242              0.9999999999828149              2.4999999999570379              1.3999999999999999              1.3999999999999999
       0.24609375               0.9999999998740744              0.0000000001489971              0.9999999998237039              2.4999999995592606              1.3999999999999999              1.3999999999999999
       0.25390625               0.9999999988222540              0.0000000013935279              0.9999999983511558              2.4999999958778898              1.3999999999999999              1.3999999999999999
       0.26171875               0.9999999899306218              0.0000000119142489              0.9999999859028712              2.4999999647571785              1.3999999999999999              1.3999999999999999
       0.26953125               0.9999999210825566              0.0000000933763798              0.9999998895155823              2.4999997237889562              1.3999999999999999              1.3999999999999999
       0.27734375               0.9999994312407192              0.0000006729651542              0.9999992037371495              2.4999980093428742              1.3999999999999999              1.3999999999999999
       0.28515625               0.9999962165617612              0.0000044766291390              0.9999947031925364              2.4999867579813415              1.3999999999999999              1.3999999999999999
       0.29296875               0.9999766592887687              0.0000276172896697              0.9999673232271302              2.4999183080678260              1.3999999999999999              1.3999999999999999
       0.30078125               0.9998654553493416              0.0001592019178656              0.9998116446648336              2.4995291116620844              1.3999999999999999              1.3999999999999999
       0.30859375               0.9992665925055746              0.0008679804021285              0.9989734376741065              2.4974335941852668              1.3999999999999999              1.3999999999999999
       0.31640625               0.9962752360121065              0.0044126975160057              0.9947904958517243              2.4869762396293114              1.3999999999999999              1.3999999999999999
       0.32421875               0.9869145050021134              0.0155501685872771              0.9817360785429847              2.4543401963574625              1.3999999999999999              1.3999999999999999
       0.33203125               0.9690333807499426              0.0370730872273222              0.9569369787983982              2.3923424469959960              1.3999999999999999              1.3999999999999999
       0.33984375               0.9435217174571175              0.0683489086258730              0.9218642275894230              2.3046605689735582              1.3999999999999999              1.3999999999999999
       0.34765625               0.9130937075542188              0.1065626486595548              0.8805162238755150              2.2012905596887880              1.3999999999999999              1.3999999999999999
       0.35546875               0.8803053329286579              0.1489107983710422              0.8365719490086032              2.0914298725215086              1.3999999999999999              1.3999999999999999
       0.36328125               0.8468069949520420              0.1934880880629003              0.7923463133349390              1.9808657833373482              1.3999999999999999              1.3999999999999999
       0.37109375               0.8136077256530434              0.2391020193896505              0.7491587786341217              1.8728969465853049              1.3999999999999999              1.3999999999999999
       0.37890625               0.7809135029317484              0.2853679742871193              0.7074653871010355              1.7686634677525892              1.3999999999999999              1.3999999999999999
       0.38671875               0.7495542534138979              0.3318152832183370              0.6675860676525711              1.6689651691314284              1.3999999999999999              1.3999999999999999
       0.39453125               0.7182652889797746              0.3781209997283316              0.6298473428216674              1.5746183570541687              1.3999999999999999              1.3999999999999999
       0.40234375               0.6903919293114288              0.4239675862901485              0.5941900833378770              1.4854752083446929              1.3999999999999999              1.3999999999999999
       0.41015625               0.6605634255485725              0.4693714598334559              0.5606755833773240              1.4016889584433103              1.3999999999999999              1.3999999999999999
       0.41796875               0.6351244791415428              0.5141627255662199              0.5291993620514560              1.3229984051286403              1.3999999999999999              1.3999999999999999
       0.42578125               0.6099356481527699              0.5582602350861947              0.4996487858174115              1.2491219645435290              1.3999999999999999              1.3999999999999999
       0.43359375               0.5839848804552612              0.6016525162863835              0.4720324383523113              1.1800810958807786              1.3999999999999999              1.3999999999999999
       0.44140625               0.5619048271088499              0.6441578889843343              0.4462657630531667              1.1156644076329170              1.3999999999999999              1.3999999999999999
       0.44921875               0.5414932853664457              0.6856201343709099              0.4222301030984388              1.0555752577460973              1.3999999999999999              1.3999999999999999
       0.45703125               0.5197899903052625              0.7259154685008793              0.3999400011635062              0.9998500029087658              1.3999999999999999              1.3999999999999999
       0.46484375               0.4991291904254581              0.7649269578118996              0.3794043784958335              0.9485109462395841              1.3999999999999999              1.3999999999999999
       0.47265625               0.4821721244438358              0.8024510926316323              0.3605190146350754              0.9012975365876886              1.3999999999999999              1.3999999999999999
       0.48046875               0.4672485875067896              0.8383481151590484              0.3431581121611109              0.8578952804027775              1.3999999999999999              1.3999999999999999
       0.48828125               0.4525491986483354              0.8722387326314897              0.3273750708501764              0.8184376771254410              1.3999999999999999              1.3999999999999999
       0.49609375               0.4358109837773771              0.9026733259252648              0.3137783061392042              0.7844457653480106              1.3999999999999999              1.3999999999999999
       0.50390625               0.4246720529287955              0.9240857440799564              0.3045552421945659              0.7613881054864149              1.3999999999999999              1.3999999999999999
       0.51171875               0.4261732713681184              0.9290150427224401              0.3025089527531101              0.7562723818827755              1.3999999999999999              1.3999999999999999
       0.51953125               0.4287621132016375              0.9287224789299937              0.3026489331586883              0.7566223328967210              1.3999999999999999              1.3999999999999999
       0.52734375               0.4281809069883595              0.9279554906354682              0.3029771319810791              0.7574428299526978              1.3999999999999999              1.3999999999999999
       0.53515625               0.4245816503106352              0.9280589041140119              0.3029147236773124              0.7572868091932811              1.3999999999999999              1.3999999999999999
       0.54296875               0.4239410972441560              0.9278228860689618              0.3029834229397822              0.7574585573494558              1.3999999999999999              1.3999999999999999
       0.55078125               0.4251459854072430              0.9284631914004609              0.3026945489629771              0.7567363724074430              1.3999999999999999              1.3999999999999999
       0.55859375               0.4284008342715683              0.9285816176045119              0.3025664490458042              0.7564161226145105              1.3999999999999999              1.3999999999999999
       0.56640625               0.4286156142256193              0.9285628491139799              0.3025312061609725              0.7563280154024316              1.3999999999999999              1.3999999999999999
       0.57421875               0.4255789646558369              0.9281703661915294              0.3026918597395373              0.7567296493488433              1.3999999999999999              1.3999999999999999
       0.58203125               0.4221664701483865              0.9279520503480105              0.3028310468395518              0.7570776170988797              1.3999999999999999              1.3999999999999999
       0.58984375               0.4226866948456193              0.9275311967531448              0.3031057013941386              0.7577642534853467              1.3999999999999999              1.3999999999999999
       0.59765625               0.4298281437296955              0.9273103992464203              0.3033257119107339              0.7583142797768350              1.3999999999999999              1.3999999999999999
       0.60546875               0.4364746152141567              0.9271043447710660              0.3034881378769275              0.7587203446923190              1.3999999999999999              1.3999999999999999
       0.61328125               0.4360679856285404              0.9272153455813973              0.3034340664870788              0.7585851662176972              1.3999999999999999              1.3999999999999999
       0.62109375               0.4243049449532363              0.9278845680068530              0.3030895744224497              0.7577239360561244              1.3999999999999999              1.3999999999999999
       0.62890625               0.3655463141154232              0.9278049174796711              0.3029717200701961              0.7574293001754904              1.3999999999999999              1.3999999999999999
       0.63671875               0.2943098494514926              0.9265687494200929              0.3033548352297834              0.7583870880744586              1.3999999999999999              1.3999999999999999
       0.64453125               0.2663498446025721              0.9262723518347166              0.3033625578027649              0.7584063945069125              1.3999999999999999              1.3999999999999999
       0.65234375               0.2615211560966468              0.9263039902992442              0.3033147167646934              0.7582867919117338              1.3999999999999999              1.3999999999999999
       0.66015625               0.2611976337005609              0.9263093295502535              0.3033037707250438              0.7582594268126096              1.3999999999999999              1.3999999999999999
       0.66796875               0.2617525877786397              0.9275075044777525              0.3028980018185440              0.7572450045463602              1.3999999999999999              1.3999999999999999
       0.67578125               0.2637151635470034              0.9275331787989791              0.3029583351590902              0.7573958378977255              1.3999999999999999              1.3999999999999999
       0.68359375               0.2655921709446212              0.9266469405951391              0.3033510262539953              0.7583775656349886              1.3999999999999999              1.3999999999999999
       0.69140625               0.2657912187163847              0.9277049773410312              0.3031215654906280              0.7578039137265701              1.3999999999999999              1.3999999999999999
       0.69921875               0.2662497380437652              0.9269069738750875              0.3035528716815869              0.7588821792039675              1.3999999999999999              1.3999999999999999
       0.70703125               0.2666514438147505              0.9270093309706562              0.3039245402406498              0.7598113506016247              1.3999999999999999              1.3999999999999999
       0.71484375               0.2662101801748555              0.9307777984411695              0.3032238996294763              0.7580597490736908              1.3999999999999999              1.3999999999999999
       0.72265625               0.2670229734153386              0.9279544484245289              0.3046758870010048              0.7616897175025122              1.3999999999999999              1.3999999999999999
       0.73046875               0.2663585206821747              0.9320788679695319              0.3037872670180074              0.7594681675450186              1.3999999999999999              1.3999999999999999
       0.73828125               0.2658881607485792              0.9334320798461081              0.3033278603176963              0.7583196507942410              1.3999999999999999              1.3999999999999999
       0.74609375               0.2635994873482277              0.9098389818159791              0.2991749748625858              0.7479374371564647              1.3999999999999999              1.3999999999999999
       0.75390625               0.1827626543580322              0.4734441698375717              0.1794365905430203              0.4485914763575508              1.3999999999999999              1.3999999999999999
       0.76171875               0.1263926704828289              0.0118541052446495              0.1015741965572460              0.2539354913931152              1.3999999999999999              1.3999999999999999
       0.76953125               0.1250123183774745              0.0001042968602519              0.1000137976150683              0.2500344940376709              1.3999999999999999              1.3999999999999999
       0.77734375               0.1250001070469125              0.0000009063027661              0.1000001198926197              0.2500002997315493              1.3999999999999999              1.3999999999999999
       0.78515625               0.1250000009545038              0.0000000080812150              0.1000000010690442              0.2500000026726107              1.3999999999999999              1.3999999999999999
       0.79296875               0.1250000000087186              0.0000000000738155              0.1000000000097649              0.2500000000244123              1.3999999999999999              1.3999999999999999
       0.80078125               0.1250000000000802              0.0000000000006795              0.1000000000000899              0.2500000000002248              1.3999999999999999              1.3999999999999999
       0.80859375               0.1250000000000007              0.0000000000000062              0.1000000000000008              0.2500000000000021              1.3999999999999999              1.3999999999999999
       0.81640625               0.1250000000000000              0.0000000000000000              0.1000000000000000              0.2500000000000001              1.3999999999999999              1.3999999999999999
       0.82421875               0.1250000000000000              0.0000000000000000              0.1000000000000000              0.2500000000000001              1.3999999999999999              1.3999999999999999
       0.83203125               0.1250000000000000              0.0000000000000000              0.1000000000000000              0.2500000000000001              1.3999999999999999              1.3999999999999999
       0.83984375               0.1250000000000000              0.0000000000000000              0.1000000000000000              0.2500000000000001              1.3999999999999999              1.3999999999999999
       0.84765625               0.1250000000000000              0.0000000000000000              0.1000000000000000              0.2500000000000001              1.3999999999999999              1.3999999999999999
       0.85546875               0.1250000000000000              0.0000000000000000              0.1000000000000000              0.2500000000000001              1.3999999999999999              1.3999999999999999
       0.86328125               0.1250000000000000              0.0000000000000000              0.1000000000000000              0.2500000000000001              1.3999999999999999              1.3999999999999999
       0.87109375               0.1250000000000000              0.0000000000000000              0.1000000000000000              0.2500000000000001              1.3999999999999999              1.3999999999999999
       0.87890625               0.1250000000000000              0.0000000000000000              0.1000000000000000              0.2500000000000001              1.3999999999999999              1.3999999999999999
       0.88671875               0.1250000000000000              0.0000000000000000              0.1000000000000000              0.2500000000000001              1.3999999999999999              1.3999999999999999
       0.89453125               0.1250000000000000              0.0000000000000000              0.1000000000000000              0.2500000000000001              1.3999999999999999              1.3999999999999999
       0.90234375               0.1250000000000000              0.0000000000000000              0.1000000000000000              0.2500000000000001              1.3999999999999999              1.3999999999999999
       0.91015625               0.1250000000000000              0.0000000000000000              0.1000000000000000              0.2500000000000001              1.3999999999999999              1.3999999999999999
       0.91796875               0.1250000000000000              0.0000000000000000              0.1000000000000000              0.2500000000000001              1.3999999999999999              1.3999999999999999
       0.92578125               0.1250000000000000              0.0000000000000000              0.1000000000000000              0.2500000000000001              1.3999999999999999              1.3999999999999999
       0.93359375               0.1250000000000000              0.0000000000000000              0.1000000000000000              0.2500000000000001              1.3999999999999999              1.3999999999999999
       0.94140625               0.1250000000000000              0.0000000000000000              0.1000000000000000              0.2500000000000001              1.3999999999999999              1.3999999999999999
       0.94921875               0.1250000000000000              0.0000000000000000              0.1000000000000000              0.2500000000000001              1.3999999999999999              1.3999999999999999
       0.95703125               0.1250000000000000              0.0000000000000000              0.1000000000000000              0.2500000000000001              1.3999999999999999              1.3999999999999999
       0.96484375               0.1250000000000000              0.0000000000000000              0.1000000000000000              0.2500000000000001              1.3999999999999999              1.3999999999999999
       0.97265625               0.1250000000000000              0.0000000000000000              0.1000000000000000              0.2500000000000001              1.3999999999999999              1.3999999999999999
       0.98046875               0.1250000000000000              0.0000000000000000              0.1000000000000000              0.2500000000000001              1.3999999999999999              1.3999999999999999
       0.98828125               0.1250000000000000              0.0000000000000000              0.1000000000000000              0.2500000000000001              1.3999999999999999              1.3999999999999999
       0.99609375               0.1250000000000000              0.0000000000000000              0.1000000000000000              0.2500000000000001              1.3999999999999999              1.3999999999999999
