       0.00390625               1.0000000000000000              0.0000000000000000              1.0000000000000000              2.5000000000000004              1.3999999999999999              1.3999999999999999
       0.01171875               1.0000000000000000              0.0000000000000000              1.0000000000000000              2.5000000000000004              1.3999999999999999              1.3999999999999999
       0.01953125               1.0000000000000000              0.0000000000000000              1.0000000000000000              2.5000000000000004              1.3999999999999999              1.3999999999999999
       0.02734375               1.0000000000000000              0.0000000000000000              1.0000000000000000              2.5000000000000004              1.3999999999999999              1.3999999999999999
       0.03515625               1.0000000000000000              0.0000000000000000              1.0000000000000000              2.5000000000000004              1.3999999999999999              1.3999999999999999
       0.04296875               1.0000000000000000              0.0000000000000000              1.0000000000000000              2.5000000000000004              1.3999999999999999              1.3999999999999999
       0.05078125               1.0000000000000000              0.0000000000000000              1.0000000000000000              2.5000000000000004              1.3999999999999999              1.3999999999999999
       0.05859375               1.0000000000000000              0.0000000000000000              1.0000000000000000              2.5000000000000004              1.3999999999999999              1.3999999999999999
       0.06640625               1.0000000000000000              0.0000000000000000              1.0000000000000000              2.5000000000000004              1.3999999999999999              1.3999999999999999
       0.07421875               1.0000000000000000              0.0000000000000000              1.0000000000000000              2.5000000000000004              1.3999999999999999              1.3999999999999999
       0.08203125               1.0000000000000000              0.0000000000000000              1.0000000000000000              2.5000000000000004              1.3999999999999999              1.3999999999999999
       0.08984375               1.0000000000000000              0.0000000000000000              1.0000000000000000              2.5000000000000004              1.3999999999999999              1.3999999999999999
       0.09765625               1.0000000000000000              0.0000000000000000              1.0000000000000000              2.5000000000000004              1.3999999999999999              1.3999999999999999
       0.10546875               1.0000000000000000              0.0000000000000000              1.0000000000000000              2.5000000000000004              1.3999999999999999              1.3999999999999999
       0.11328125               1.0000000000000000              0.0000000000000000              1.0000000000000000              2.5000000000000004              1.3999999999999999              1.3999999999999999
       0.12109375               1.0000000000000000              0.0000000000000000              1.0000000000000000              2.5000000000000004              1.3999999999999999              1.3999999999999999
       0.12890625               1.0000000000000000              0.0000000000000000              1.0000000000000000              2.5000000000000004              1.3999999999999999              1.3999999999999999
       0.13671875               1.0000000000000000              0.0000000000000000              1.0000000000000000              2.5000000000000004              1.3999999999999999              1.3999999999999999
       0.14453125               1.0000000000000000              0.0000000000000000              1.0000000000000000              2.5000000000000004              1.3999999999999999              1.3999999999999999
       0.15234375               1.0000000000000000              0.0000000000000000              1.0000000000000000              2.5000000000000004              1.3999999999999999              1.3999999999999999
       0.16015625               1.0000000000000000              0.0000000000000000              1.0000000000000000              2.5000000000000004              1.3999999999999999              1.3999999999999999
       0.16796875               1.0000000000000000              0.0000000000000000              1.0000000000000000              2.5000000000000004              1.3999999999999999              1.3999999999999999
       0.17578125               1.0000000000000000              0.0000000000000000              1.0000000000000000              2.5000000000000004              1.3999999999999999              1.3999999999999999
       0.18359375               1.0000000000000000              0.0000000000000000              1.0000000000000000              2.5000000000000004              1.3999999999999999              1.3999999999999999
       0.19140625               1.0000000000000000              0.0000000000000000              1.0000000000000000              2.5000000000000004              1.3999999999999999              1.3999999999999999
       0.19921875               1.0000000000000000              0.0000000000000000              1.0000000000000000              2.5000000000000004              1.3999999999999999              1.3999999999999999
       0.20703125               1.0000000000000000              0.0000000000000000              1.0000000000000000              2.5000000000000004              1.3999999999999999              1.3999999999999999
       0.21484375               1.0000000000000000              0.0000000000000000              1.0000000000000000              2.5000000000000004              1.3999999999999999              1.3999999999999999
       0.22265625               1.0000000000000000              0.0000000000000000              1.0000000000000000              2.5000000000000004              1.3999999999999999              1.3999999999999999
       0.23046875               1.0000000000000000              0.0000000000000000              1.0000000000000000              2.5000000000000004              1.3999999999999999              1.3999999999999999
       0.23828125               1.0000000000000000              0.0000000000000000              1.0000000000000000              2.5000000000000004              1.3999999999999999              1.3999999999999999
       0.24609375               1.0000000000000000              0.0000000000000000              1.0000000000000000              2.5000000000000004              1.3999999999999999              1.3999999999999999
       0.25390625               1.0000000000000000              0.0000000000000000              1.0000000000000000              2.5000000000000004              1.3999999999999999              1.3999999999999999
       0.26171875               1.0000000000000000              0.0000000000000000              1.0000000000000000              2.5000000000000004              1.3999999999999999              1.3999999999999999
       0.26953125               1.0000000000000000              0.0000000000000000              1.0000000000000000              2.5000000000000004              1.3999999999999999              1.3999999999999999
       0.27734375               1.0000000000000000              0.0000000000000000              1.0000000000000000              2.5000000000000004              1.3999999999999999              1.3999999999999999
       0.28515625               1.0000000000000000              0.0000000000000000              1.0000000000000000              2.5000000000000004              1.3999999999999999              1.3999999999999999
       0.29296875               1.0000000000000000              0.0000000000000000              1.0000000000000000              2.5000000000000004              1.3999999999999999              1.3999999999999999
       0.30078125               0.9999999999999994              0.0000000000000007              0.9999999999999992              2.4999999999999987              1.3999999999999999              1.3999999999999999
       0.30859375               0.9999999999999737              0.0000000000000312              0.9999999999999633              2.4999999999999090              1.3999999999999999              1.3999999999999999
       0.31640625               0.9999999999991562              0.0000000000009985              0.9999999999988185              2.4999999999970468              1.3999999999999999              1.3999999999999999
       0.32421875               0.9999999999793925              0.0000000000243827              0.9999999999711497              2.4999999999278750              1.3999999999999999              1.3999999999999999
       0.33203125               0.9999999996016155              0.0000000004713751              0.9999999994422618              2.4999999986056549              1.3999999999999999              1.3999999999999999
       0.33984375               0.9999999937441568              0.0000000074020134              0.9999999912418196              2.4999999781045497              1.3999999999999999              1.3999999999999999
       0.34765625               0.9999999187382093              0.0000000961502335              0.9999998862335150              2.4999997155837881              1.3999999999999999              1.3999999999999999
       0.35546875               0.9999991147167863              0.0000010474803362              0.9999987606052676              2.4999969015131693              1.3999999999999999              1.3999999999999999
       0.36328125               0.9999918194362770              0.0000096793359015              0.9999885473201457              2.4999713683003648              1.3999999999999999              1.3999999999999999
       0.37109375               0.9999352209709398              0.0000766467546293              0.9999093146248788              2.4997732865621973              1.3999999999999999              1.3999999999999999
       0.37890625               0.9995561935922476              0.0005251311538243              0.9993788672254731              2.4984471680636835              1.3999999999999999              1.3999999999999999
       0.38671875               0.9973414975851120              0.0031475700684781              0.9962836045261538              2.4907090113153854              1.3999999999999999              1.3999999999999999
       0.39453125               0.9868046588510556              0.0157120322808150              0.9816212120781747              2.4540530301954369              1.3999999999999999              1.3999999999999999
       0.40234375               0.9604801747018710              0.0475675460359796              0.9452339427768519              2.3630848569421303              1.3999999999999999              1.3999999999999999
       0.41015625               0.9180770804587226              0.1004771634510316              0.8874733992163701              2.2186834980409258              1.3999999999999999              1.3999999999999999
       0.41796875               0.8649629429570885              0.1695577574980796              0.8165973138840709              2.0414932847101777              1.3999999999999999              1.3999999999999999
       0.42578125               0.8078178682025746              0.2483995277432237              0.7417347329608480              1.8543368324021205              1.3999999999999999              1.3999999999999999
       0.43359375               0.7508653249411452              0.3284833419451427              0.6711348361101944              1.6778370902754862              1.3999999999999999              1.3999999999999999
       0.44140625               0.7035456891415095              0.4059672825472662              0.6088503726697330              1.5221259316743330              1.3999999999999999              1.3999999999999999
       0.44921875               0.6532193909767042              0.4797020540566239              0.5540455381819491              1.3851138454548730              1.3999999999999999              1.3999999999999999
       0.45703125               0.6151531151346222              0.5491963614862738              0.5063407916160739              1.2658519790401852              1.3999999999999999              1.3999999999999999
       0.46484375               0.5811472585604101              0.6145741659652891              0.4646977620676858              1.1617444051692147              1.3999999999999999              1.3999999999999999
       0.47265625               0.5436948782717764              0.6759200700387543              0.4282701091385832              1.0706752728464581              1.3999999999999999              1.3999999999999999
       0.48046875               0.5140473265034508              0.7345060506266026              0.3959494506277095              0.9898736265692740              1.3999999999999999              1.3999999999999999
       0.48828125               0.4885346576830467              0.7924052144967989              0.3661477853713825              0.9153694634284565              1.3999999999999999              1.3999999999999999
       0.49609375               0.4632885907751488              0.8511889702979542              0.3376816135282908              0.8442040338207271              1.3999999999999999              1.3999999999999999
       0.50390625               0.4353777168573429              0.9081932501888681              0.3118521439327812              0.7796303598319533              1.3999999999999999              1.3999999999999999
       0.51171875               0.4163944120209531              0.9440507336374876              0.2964061638245547              0.7410154095613869              1.3999999999999999              1.3999999999999999
       0.51953125               0.4165425072924577              0.9460792198742309              0.2957208164626160              0.7393020411565402              1.3999999999999999              1.3999999999999999
       0.52734375               0.4267501041409788              0.9297046161838872              0.3026444374168573              0.7566110935421433              1.3999999999999999              1.3999999999999999
       0.53515625               0.4292423689029216              0.9290645559295500              0.3031244445619737              0.7578111114049346              1.3999999999999999              1.3999999999999999
       0.54296875               0.4289027246630510              0.9293846239066523              0.3030950521788423              0.7577376304471060              1.3999999999999999              1.3999999999999999
       0.55078125               0.4245686678738163              0.9304837327317148              0.3027675663175099              0.7569189157937749              1.3999999999999999              1.3999999999999999
       0.55859375               0.4121071819506843              0.9295787509727257              0.3031680045120711              0.7579200112801779              1.3999999999999999              1.3999999999999999
       0.56640625               0.3882918579493428              0.9302790244096220              0.3027730632697105              0.7569326581742764              1.3999999999999999              1.3999999999999999
       0.57421875               0.3545276786669654              0.9294498986488494              0.3029655997541098              0.7574139993852746              1.3999999999999999              1.3999999999999999
       0.58203125               0.3144248039847355              0.9299359766220635              0.3027463773612087              0.7568659434030219              1.3999999999999999              1.3999999999999999
       0.58984375               0.2828964413918105              0.9284800039049079              0.3033499049874528              0.7583747624686322              1.3999999999999999              1.3999999999999999
       0.59765625               0.2647934721669299              0.9293155880709875              0.3032194949340267              0.7580487373350669              1.3999999999999999              1.3999999999999999
       0.60546875               0.2591345709727241              0.9298764757916590              0.3033753504687886              0.7584383761719717              1.3999999999999999              1.3999999999999999
       0.61328125               0.2594058711250273              0.9283337126903771              0.3042508352812462              0.7606270882031156              1.3999999999999999              1.3999999999999999
       0.62109375               0.2597814318815278              0.9330692950249356              0.3029718879221578              0.7574297198053948              1.3999999999999999              1.3999999999999999
       0.62890625               0.2635596896761638              0.9275533140723773              0.3048498682693310              0.7621246706733276              1.3999999999999999              1.3999999999999999
       0.63671875               0.2631272985445888              0.9223159218778944              0.2993811885533486              0.7484529713833715              1.3999999999999999              1.3999999999999999
       0.64453125               0.2205235712384520              0.6694963985371087              0.2315817091979985              0.5789542729949965              1.3999999999999999              1.3999999999999999
       0.65234375               0.1311251037323274              0.0557898976173178              0.1075787626002586              0.2689469065006466              1.3999999999999999              1.3999999999999999
       0.66015625               0.1250593278537969              0.0005064823346308              0.1000670119566759              0.2501675298916897              1.3999999999999999              1.3999999999999999
       0.66796875               0.1250004779240453              0.0000040486368058              0.1000005355849579              0.2500013389623948              1.3999999999999999              1.3999999999999999
       0.67578125               0.1250000036400210              0.0000000308190995              0.1000000040769837              0.2500000101924594              1.3999999999999999              1.3999999999999999
       0.68359375               0.1250000000261664              0.0000000002215355              0.1000000000293064              0.2500000000732660              1.3999999999999999              1.3999999999999999
       0.69140625               0.1250000000001753              0.0000000000014839              0.1000000000001963              0.2500000000004908              1.3999999999999999              1.3999999999999999
       0.69921875               0.1250000000000010              0.0000000000000088              0.1000000000000012              0.2500000000000029              1.3999999999999999              1.3999999999999999
       0.70703125               0.1250000000000000              0.0000000000000000              0.1000000000000000              0.2500000000000001              1.3999999999999999              1.3999999999999999
       0.71484375               0.1250000000000000              0.0000000000000000              0.1000000000000000              0.2500000000000001              1.3999999999999999              1.3999999999999999
       0.72265625               0.1250000000000000              0.0000000000000000              0.1000000000000000              0.2500000000000001              1.3999999999999999              1.3999999999999999
       0.73046875               0.1250000000000000              0.0000000000000000              0.1000000000000000              0.2500000000000001              1.3999999999999999              1.3999999999999999
       0.73828125               0.1250000000000000              0.0000000000000000              0.1000000000000000              0.2500000000000001              1.3999999999999999              1.3999999999999999
       0.74609375               0.1250000000000000              0.0000000000000000              0.1000000000000000              0.2500000000000001              1.3999999999999999              1.3999999999999999
       0.75390625               0.1250000000000000              0.0000000000000000              0.1000000000000000              0.2500000000000001              1.3999999999999999              1.3999999999999999
       0.76171875               0.1250000000000000              0.0000000000000000              0.1000000000000000              0.2500000000000001              1.3999999999999999              1.3999999999999999
       0.76953125               0.1250000000000000              0.0000000000000000              0.1000000000000000              0.2500000000000001              1.3999999999999999              1.3999999999999999
       0.77734375               0.1250000000000000              0.0000000000000000              0.1000000000000000              0.2500000000000001              1.3999999999999999              1.3999999999999999
       0.78515625               0.1250000000000000              0.0000000000000000              0.1000000000000000              0.2500000000000001              1.3999999999999999              1.3999999999999999
       0.79296875               0.1250000000000000              0.0000000000000000              0.1000000000000000              0.2500000000000001              1.3999999999999999              1.3999999999999999
       0.80078125               0.1250000000000000              0.0000000000000000              0.1000000000000000              0.2500000000000001              1.3999999999999999              1.3999999999999999
       0.80859375               0.1250000000000000              0.0000000000000000              0.1000000000000000              0.2500000000000001              1.3999999999999999              1.3999999999999999
       0.81640625               0.1250000000000000              0.0000000000000000              0.1000000000000000              0.2500000000000001              1.3999999999999999              1.3999999999999999
       0.82421875               0.1250000000000000              0.0000000000000000              0.1000000000000000              0.2500000000000001              1.3999999999999999              1.3999999999999999
       0.83203125               0.1250000000000000              0.0000000000000000              0.1000000000000000              0.2500000000000001              1.3999999999999999              1.3999999999999999
       0.83984375               0.1250000000000000              0.0000000000000000              0.1000000000000000              0.2500000000000001              1.3999999999999999              1.3999999999999999
       0.84765625               0.1250000000000000              0.0000000000000000              0.1000000000000000              0.2500000000000001              1.3999999999999999              1.3999999999999999
       0.85546875               0.1250000000000000              0.0000000000000000              0.1000000000000000              0.2500000000000001              1.3999999999999999              1.3999999999999999
       0.86328125               0.1250000000000000              0.0000000000000000              0.1000000000000000              0.2500000000000001              1.3999999999999999              1.3999999999999999
       0.87109375               0.1250000000000000              0.0000000000000000              0.1000000000000000              0.2500000000000001              1.3999999999999999              1.3999999999999999
       0.87890625               0.1250000000000000              0.0000000000000000              0.1000000000000000              0.2500000000000001              1.3999999999999999              1.3999999999999999
       0.88671875               0.1250000000000000              0.0000000000000000              0.1000000000000000              0.2500000000000001              1.3999999999999999              1.3999999999999999
       0.89453125               0.1250000000000000              0.0000000000000000              0.1000000000000000              0.2500000000000001              1.3999999999999999              1.3999999999999999
       0.90234375               0.1250000000000000              0.0000000000000000              0.1000000000000000              0.2500000000000001              1.3999999999999999              1.3999999999999999
       0.91015625               0.1250000000000000              0.0000000000000000              0.1000000000000000              0.2500000000000001              1.3999999999999999              1.3999999999999999
       0.91796875               0.1250000000000000              0.0000000000000000              0.1000000000000000              0.2500000000000001              1.3999999999999999              1.3999999999999999
       0.92578125               0.1250000000000000              0.0000000000000000              0.1000000000000000              0.2500000000000001              1.3999999999999999              1.3999999999999999
       0.93359375               0.1250000000000000              0.0000000000000000              0.1000000000000000              0.2500000000000001              1.3999999999999999              1.3999999999999999
       0.94140625               0.1250000000000000              0.0000000000000000              0.1000000000000000              0.2500000000000001              1.3999999999999999              1.3999999999999999
       0.94921875               0.1250000000000000              0.0000000000000000              0.1000000000000000              0.2500000000000001              1.3999999999999999              1.3999999999999999
       0.95703125               0.1250000000000000              0.0000000000000000              0.1000000000000000              0.2500000000000001              1.3999999999999999              1.3999999999999999
       0.96484375               0.1250000000000000              0.0000000000000000              0.1000000000000000              0.2500000000000001              1.3999999999999999              1.3999999999999999
       0.97265625               0.1250000000000000              0.0000000000000000              0.1000000000000000              0.2500000000000001              1.3999999999999999              1.3999999999999999
       0.98046875               0.1250000000000000              0.0000000000000000              0.1000000000000000              0.2500000000000001              1.3999999999999999              1.3999999999999999
       0.98828125               0.1250000000000000              0.0000000000000000              0.1000000000000000              0.2500000000000001              1.3999999999999999              1.3999999999999999
       0.99609375               0.1250000000000000              0.0000000000000000              0.1000000000000000              0.2500000000000001              1.3999999999999999              1.3999999999999999
