       0.00390625               1.0000000000000000              0.0000000000000000              1.0000000000000000              2.5000000000000004              1.3999999999999999              1.3999999999999999
       0.01171875               1.0000000000000000              0.0000000000000000              1.0000000000000000              2.5000000000000004              1.3999999999999999              1.3999999999999999
       0.01953125               1.0000000000000000              0.0000000000000000              1.0000000000000000              2.5000000000000004              1.3999999999999999              1.3999999999999999
       0.02734375               1.0000000000000000              0.0000000000000000              1.0000000000000000              2.5000000000000004              1.3999999999999999              1.3999999999999999
       0.03515625               1.0000000000000000              0.0000000000000000              1.0000000000000000              2.5000000000000004              1.3999999999999999              1.3999999999999999
       0.04296875               1.0000000000000000              0.0000000000000000              1.0000000000000000              2.5000000000000004              1.3999999999999999              1.3999999999999999
       0.05078125               1.0000000000000000              0.0000000000000000              1.0000000000000000              2.5000000000000004              1.3999999999999999              1.3999999999999999
       0.05859375               1.0000000000000000              0.0000000000000000              1.0000000000000000              2.5000000000000004              1.3999999999999999              1.3999999999999999
       0.06640625               1.0000000000000000              0.0000000000000000              1.0000000000000000              2.5000000000000004              1.3999999999999999              1.3999999999999999
       0.07421875               1.0000000000000000              0.0000000000000000              1.0000000000000000              2.5000000000000004              1.3999999999999999              1.3999999999999999
       0.08203125               1.0000000000000000              0.0000000000000000              1.0000000000000000              2.5000000000000004              1.3999999999999999              1.3999999999999999
       0.08984375               1.0000000000000000              0.0000000000000000              1.0000000000000000              2.5000000000000004              1.3999999999999999              1.3999999999999999
       0.09765625               1.0000000000000000              0.0000000000000000              1.0000000000000000              2.5000000000000004              1.3999999999999999              1.3999999999999999
       0.10546875               1.0000000000000000              0.0000000000000000              1.0000000000000000              2.5000000000000004              1.3999999999999999              1.3999999999999999
       0.11328125               1.0000000000000000              0.0000000000000000              1.0000000000000000              2.5000000000000004              1.3999999999999999              1.3999999999999999
       0.12109375               1.0000000000000000              0.0000000000000000              1.0000000000000000              2.5000000000000004              1.3999999999999999              1.3999999999999999
       0.12890625               0.9999999999999999              0.0000000000000001              1.0000000000000000              2.5000000000000004              1.3999999999999999              1.3999999999999999
       0.13671875               0.9999999999999992              0.0000000000000010              0.9999999999999989              2.4999999999999982              1.3999999999999999              1.3999999999999999
       0.14453125               0.9999999999999954              0.0000000000000055              0.9999999999999936              2.4999999999999845              1.3999999999999999              1.3999999999999999
       0.15234375               0.9999999999999739              0.0000000000000309              0.9999999999999634              2.4999999999999090              1.3999999999999999              1.3999999999999999
       0.16015625               0.9999999999998574              0.0000000000001685              0.9999999999998004              2.4999999999995017              1.3999999999999999              1.3999999999999999
       0.16796875               0.9999999999992465              0.0000000000008917              0.9999999999989450              2.4999999999973630              1.3999999999999999              1.3999999999999999
       0.17578125               0.9999999999961295              0.0000000000045798              0.9999999999945813              2.4999999999864539              1.3999999999999999              1.3999999999999999
       0.18359375               0.9999999999807450              0.0000000000227826              0.9999999999730430              2.4999999999326081              1.3999999999999999              1.3999999999999999
       0.19140625               0.9999999999071874              0.0000000001098173              0.9999999998700625              2.4999999996751567              1.3999999999999999              1.3999999999999999
       0.19921875               0.9999999995672061              0.0000000005120887              0.9999999993940883              2.4999999984852215              1.3999999999999999              1.3999999999999999
       0.20703125               0.9999999980501051              0.0000000023071471              0.9999999972701469              2.4999999931753680              1.3999999999999999              1.3999999999999999
       0.21484375               0.9999999915246668              0.0000000100281500              0.9999999881345334              2.4999999703363343              1.3999999999999999              1.3999999999999999
       0.22265625               0.9999999645182273              0.0000000419825995              0.9999999503255195              2.4999998758137996              1.3999999999999999              1.3999999999999999
       0.23046875               0.9999998571911075              0.0000001689737627              0.9999998000675685              2.4999995001689217              1.3999999999999999              1.3999999999999999
       0.23828125               0.9999994485619090              0.0000006524704090              0.9999992279869110              2.4999980699672779              1.3999999999999999              1.3999999999999999
       0.24609375               0.9999979620764800              0.0000024113047655              0.9999971469099749              2.4999928672749379              1.3999999999999999              1.3999999999999999
       0.25390625               0.9999928117907738              0.0000085052225228              0.9999899365379126              2.4999748413447818              1.3999999999999999              1.3999999999999999
       0.26171875               0.9999758799739360              0.0000285393645894              0.9999662322217321              2.4999155805543305              1.3999999999999999              1.3999999999999999
       0.26953125               0.9999233038931645              0.0000907497162597              0.9998926277620331              2.4997315694050832              1.3999999999999999              1.3999999999999999
       0.27734375               0.9997699724599859              0.0002721885883093              0.9996779813146210              2.4991949532865534              1.3999999999999999              1.3999999999999999
       0.28515625               0.9993529381538586              0.0007657534193273              0.9990942644155575              2.4977356610388943              1.3999999999999999              1.3999999999999999
       0.29296875               0.9983043823314840              0.0020073125958577              0.9976271312902489              2.4940678282256226              1.3999999999999999              1.3999999999999999
       0.30078125               0.9958932659697518              0.0048656372366609              0.9942561802678587              2.4856404506696470              1.3999999999999999              1.3999999999999999
       0.30859375               0.9908858216430643              0.0108179990102363              0.9872666911357670              2.4681667278394182              1.3999999999999999              1.3999999999999999
       0.31640625               0.9816168996493768              0.0218981804801461              0.9743677906271271              2.4359194765678183              1.3999999999999999              1.3999999999999999
       0.32421875               0.9664957851483433              0.0401501969492725              0.9534299896067437              2.3835749740168599              1.3999999999999999              1.3999999999999999
       0.33203125               0.9448974986912654              0.0666690207220367              0.9237470815773571              2.3093677039433933              1.3999999999999999              1.3999999999999999
       0.33984375               0.9175950424671835              0.1006759071997613              0.8866042912654736              2.2165107281636844              1.3999999999999999              1.3999999999999999
       0.34765625               0.8871047816554801              0.1407193067094173              0.8456559463242069              2.1141398658105177              1.3999999999999999              1.3999999999999999
       0.35546875               0.8551528931394689              0.1817168327165971              0.8032725511696206              2.0081813779240520              1.3999999999999999              1.3999999999999999
       0.36328125               0.8238585527268801              0.2233358881593093              0.7624800015739246              1.9062000039348121              1.3999999999999999              1.3999999999999999
       0.37109375               0.7959528221791635              0.2674511399529110              0.7265292518431004              1.8163231296077511              1.3999999999999999              1.3999999999999999
       0.37890625               0.7653548847460995              0.3075346226610562              0.6876952722461114              1.7192381806152788              1.3999999999999999              1.3999999999999999
       0.38671875               0.7358516804919296              0.3476505829094265              0.6509728662417236              1.6274321656043091              1.3999999999999999              1.3999999999999999
       0.39453125               0.7103410229740653              0.3935296083717950              0.6194542110013925              1.5486355275034815              1.3999999999999999              1.3999999999999999
       0.40234375               0.6842388674787658              0.4373923042409860              0.5880168900289123              1.4700422250722813              1.3999999999999999              1.3999999999999999
       0.41015625               0.6548799391870435              0.4753991222665498              0.5526252850479385              1.3815632126198467              1.3999999999999999              1.3999999999999999
       0.41796875               0.6286398393447067              0.5193692918711007              0.5224130705603601              1.3060326764009007              1.3999999999999999              1.3999999999999999
       0.42578125               0.6078976204468820              0.5695637249931403              0.4980683836895881              1.2451709592239706              1.3999999999999999              1.3999999999999999
       0.43359375               0.5824299819776351              0.6098644536304267              0.4687968756558604              1.1719921891396512              1.3999999999999999              1.3999999999999999
       0.44140625               0.5556424660962062              0.6467869705740714              0.4396913147490776              1.0992282868726944              1.3999999999999999              1.3999999999999999
       0.44921875               0.5342858847175144              0.6904440950465008              0.4157586564719309              1.0393966411798277              1.3999999999999999              1.3999999999999999
       0.45703125               0.5176452350392211              0.7366765226762834              0.3975094391349199              0.9937735978372999              1.3999999999999999              1.3999999999999999
       0.46484375               0.5002826416596097              0.7852439430422146              0.3791370485480531              0.9478426213701331              1.3999999999999999              1.3999999999999999
       0.47265625               0.4741811811408629              0.8098058876036173              0.3519520819298067              0.8798802048245169              1.3999999999999999              1.3999999999999999
       0.48046875               0.4528630007953373              0.8327782529752753              0.3298849629127170              0.8247124072817925              1.3999999999999999              1.3999999999999999
       0.48828125               0.4487976960598459              0.8893482836235066              0.3256157652604131              0.8140394131510329              1.3999999999999999              1.3999999999999999
       0.49609375               0.4419256220109557              0.9277285408617905              0.3183974665711936              0.7959936664279842              1.3999999999999999              1.3999999999999999
       0.50390625               0.4253727604608493              0.9201218333506069              0.3021671264815501              0.7554178162038755              1.3999999999999999              1.3999999999999999
       0.51171875               0.4228360316966568              0.9161787279358609              0.2997539293430270              0.7493848233575677              1.3999999999999999              1.3999999999999999
       0.51953125               0.4255217542641256              0.9225060067290286              0.3023880344091762              0.7559700860229408              1.3999999999999999              1.3999999999999999
       0.52734375               0.4282242350484872              0.9326018481014426              0.3049131989227311              0.7622829973068279              1.3999999999999999              1.3999999999999999
       0.53515625               0.4281106515552880              0.9318352946212509              0.3047537972897720              0.7618844932244302              1.3999999999999999              1.3999999999999999
       0.54296875               0.4254347713427077              0.9276233802851981              0.3023015545423902              0.7557538863559758              1.3999999999999999              1.3999999999999999
       0.55078125               0.4242689056749950              0.9263065375733164              0.3013972568536044              0.7534931421340111              1.3999999999999999              1.3999999999999999
       0.55859375               0.4244725700379792              0.9277083423255886              0.3017959715987195              0.7544899289967990              1.3999999999999999              1.3999999999999999
       0.56640625               0.4252843260868680              0.9298876182708338              0.3028448032813847              0.7571120082034619              1.3999999999999999              1.3999999999999999
       0.57421875               0.4252798740329311              0.9296614822516930              0.3030554439587155              0.7576386098967889              1.3999999999999999              1.3999999999999999
       0.58203125               0.4246879276738000              0.9281892082545181              0.3027603805415620              0.7569009513539050              1.3999999999999999              1.3999999999999999
       0.58984375               0.4244689312890779              0.9272372200416887              0.3026191387856130              0.7565478469640328              1.3999999999999999              1.3999999999999999
       0.59765625               0.4247294286774699              0.9272491194956373              0.3029219813001764              0.7573049532504412              1.3999999999999999              1.3999999999999999
       0.60546875               0.4248375007664937              0.9278051010134672              0.3032332375183353              0.7580830937958384              1.3999999999999999              1.3999999999999999
       0.61328125               0.4242391739762179              0.9278360648725148              0.3032074933560430              0.7580187333901077              1.3999999999999999              1.3999999999999999
       0.62109375               0.4198962240519067              0.9273198950487251              0.3030660472319998              0.7576651180799996              1.3999999999999999              1.3999999999999999
       0.62890625               0.3994328212920529              0.9270685167781750              0.3030168580349830              0.7575421450874578              1.3999999999999999              1.3999999999999999
       0.63671875               0.3483277501300359              0.9268590238241025              0.3031448686994243              0.7578621717485609              1.3999999999999999              1.3999999999999999
       0.64453125               0.3006455425195206              0.9272541512838690              0.3033926559616288              0.7584816399040721              1.3999999999999999              1.3999999999999999
       0.65234375               0.2758903610258353              0.9276241857445617              0.3035386931515072              0.7588467328787680              1.3999999999999999              1.3999999999999999
       0.66015625               0.2660106044390728              0.9275397329116264              0.3035560884408127              0.7588902211020319              1.3999999999999999              1.3999999999999999
       0.66796875               0.2626982876571284              0.9278784944432253              0.3034196393331371              0.7585490983328430              1.3999999999999999              1.3999999999999999
       0.67578125               0.2620754055273363              0.9276760957929961              0.3031831825820555              0.7579579564551387              1.3999999999999999              1.3999999999999999
       0.68359375               0.2620753560521134              0.9272497873235397              0.3031128792611071              0.7577821981527680              1.3999999999999999              1.3999999999999999
       0.69140625               0.2627477641522654              0.9272424908314193              0.3030829799100536              0.7577074497751340              1.3999999999999999              1.3999999999999999
       0.69921875               0.2640271432509201              0.9268175226095594              0.3031699388215178              0.7579248470537947              1.3999999999999999              1.3999999999999999
       0.70703125               0.2658627653662555              0.9269640436848097              0.3032486403811926              0.7581216009529818              1.3999999999999999              1.3999999999999999
       0.71484375               0.2661990556891776              0.9281358297038715              0.3031417653772295              0.7578544134430740              1.3999999999999999              1.3999999999999999
       0.72265625               0.2668554844051182              0.9271855449845402              0.3036952554671833              0.7592381386679586              1.3999999999999999              1.3999999999999999
       0.73046875               0.2666189337302413              0.9290108435399629              0.3033524417808954              0.7583811044522388              1.3999999999999999              1.3999999999999999
       0.73828125               0.2664142803526365              0.9289191741085099              0.3032877027988591              0.7582192569971479              1.3999999999999999              1.3999999999999999
       0.74609375               0.2657161548893795              0.9262749232841391              0.3027467396608316              0.7568668491520792              1.3999999999999999              1.3999999999999999
       0.75390625               0.2603282798823138              0.9056750442018979              0.2952133088942282              0.7380332722355706              1.3999999999999999              1.3999999999999999
       0.76171875               0.2185570221191407              0.6884106854599685              0.2319901867800386              0.5799754669500965              1.3999999999999999              1.3999999999999999
       0.76953125               0.1426746768741910              0.1554267627540341              0.1225879860811679              0.3064699652029199              1.3999999999999999              1.3999999999999999
       0.77734375               0.1269418641630398              0.0170316330150691              0.1022748148847760              0.2556870372119400              1.3999999999999999              1.3999999999999999
       0.78515625               0.1251884099962783              0.0016132509191433              0.1002135886605462              0.2505339716513657              1.3999999999999999              1.3999999999999999
       0.79296875               0.1250177065156824              0.0001503447954989              0.1000198902304357              0.2500497255760892              1.3999999999999999              1.3999999999999999
       0.80078125               0.1250016554709294              0.0000140257775972              0.1000018554487925              0.2500046386219814              1.3999999999999999              1.3999999999999999
       0.80859375               0.1250001545355455              0.0000013085829679              0.1000001731093665              0.2500004327734163              1.3999999999999999              1.3999999999999999
       0.81640625               0.1250000144275048              0.0000001221540461              0.1000000161594624              0.2500000403986560              1.3999999999999999              1.3999999999999999
       0.82421875               0.1250000013484622              0.0000000114167364              0.1000000015102923              0.2500000037757308              1.3999999999999999              1.3999999999999999
       0.83203125               0.1250000001262145              0.0000000010685859              0.1000000001413606              0.2500000003534016              1.3999999999999999              1.3999999999999999
       0.83984375               0.1250000000118305              0.0000000001001622              0.1000000000132502              0.2500000000331256              1.3999999999999999              1.3999999999999999
       0.84765625               0.1250000000011103              0.0000000000094002              0.1000000000012435              0.2500000000031089              1.3999999999999999              1.3999999999999999
       0.85546875               0.1250000000001043              0.0000000000008831              0.1000000000001168              0.2500000000002922              1.3999999999999999              1.3999999999999999
       0.86328125               0.1250000000000098              0.0000000000000829              0.1000000000000110              0.2500000000000275              1.3999999999999999              1.3999999999999999
       0.87109375               0.1250000000000009              0.0000000000000077              0.1000000000000010              0.2500000000000026              1.3999999999999999              1.3999999999999999
       0.87890625               0.1250000000000001              0.0000000000000006              0.1000000000000001              0.2500000000000003              1.3999999999999999              1.3999999999999999
       0.88671875               0.1250000000000000              0.0000000000000000              0.1000000000000000              0.2500000000000001              1.3999999999999999              1.3999999999999999
       0.89453125               0.1250000000000000              0.0000000000000000              0.1000000000000000              0.2500000000000001              1.3999999999999999              1.3999999999999999
       0.90234375               0.1250000000000000              0.0000000000000000              0.1000000000000000              0.2500000000000001              1.3999999999999999              1.3999999999999999
       0.91015625               0.1250000000000000              0.0000000000000000              0.1000000000000000              0.2500000000000001              1.3999999999999999              1.3999999999999999
       0.91796875               0.1250000000000000              0.0000000000000000              0.1000000000000000              0.2500000000000001              1.3999999999999999              1.3999999999999999
       0.92578125               0.1250000000000000              0.0000000000000000              0.1000000000000000              0.2500000000000001              1.3999999999999999              1.3999999999999999
       0.93359375               0.1250000000000000              0.0000000000000000              0.1000000000000000              0.2500000000000001              1.3999999999999999              1.3999999999999999
       0.94140625               0.1250000000000000              0.0000000000000000              0.1000000000000000              0.2500000000000001              1.3999999999999999              1.3999999999999999
       0.94921875               0.1250000000000000              0.0000000000000000              0.1000000000000000              0.2500000000000001              1.3999999999999999              1.3999999999999999
       0.95703125               0.1250000000000000              0.0000000000000000              0.1000000000000000              0.2500000000000001              1.3999999999999999              1.3999999999999999
       0.96484375               0.1250000000000000              0.0000000000000000              0.1000000000000000              0.2500000000000001              1.3999999999999999              1.3999999999999999
       0.97265625               0.1250000000000000              0.0000000000000000              0.1000000000000000              0.2500000000000001              1.3999999999999999              1.3999999999999999
       0.98046875               0.1250000000000000              0.0000000000000000              0.1000000000000000              0.2500000000000001              1.3999999999999999              1.3999999999999999
       0.98828125               0.1250000000000000              0.0000000000000000              0.1000000000000000              0.2500000000000001              1.3999999999999999              1.3999999999999999
       0.99609375               0.1250000000000000              0.0000000000000000              0.1000000000000000              0.2500000000000001              1.3999999999999999              1.3999999999999999
