       0.00390625               1.0000000000000000              0.0000000000000000              1.0000000000000000              2.5000000000000004              1.3999999999999999              1.3999999999999999
       0.01171875               1.0000000000000000              0.0000000000000000              1.0000000000000000              2.5000000000000004              1.3999999999999999              1.3999999999999999
       0.01953125               1.0000000000000000              0.0000000000000000              1.0000000000000000              2.5000000000000004              1.3999999999999999              1.3999999999999999
       0.02734375               1.0000000000000000              0.0000000000000000              1.0000000000000000              2.5000000000000004              1.3999999999999999              1.3999999999999999
       0.03515625               1.0000000000000000              0.0000000000000000              1.0000000000000000              2.5000000000000004              1.3999999999999999              1.3999999999999999
       0.04296875               1.0000000000000000              0.0000000000000000              1.0000000000000000              2.5000000000000004              1.3999999999999999              1.3999999999999999
       0.05078125               1.0000000000000000              0.0000000000000000              1.0000000000000000              2.5000000000000004              1.3999999999999999              1.3999999999999999
       0.05859375               1.0000000000000000              0.0000000000000000              1.0000000000000000              2.5000000000000004              1.3999999999999999              1.3999999999999999
       0.06640625               1.0000000000000000              0.0000000000000000              1.0000000000000000              2.5000000000000004              1.3999999999999999              1.3999999999999999
       0.07421875               1.0000000000000000              0.0000000000000000              1.0000000000000000              2.5000000000000004              1.3999999999999999              1.3999999999999999
       0.08203125               1.0000000000000000              0.0000000000000000              1.0000000000000000              2.5000000000000004              1.3999999999999999              1.3999999999999999
       0.08984375               1.0000000000000000              0.0000000000000000              1.0000000000000000              2.5000000000000004              1.3999999999999999              1.3999999999999999
       0.09765625               1.0000000000000000              0.0000000000000000              1.0000000000000000              2.5000000000000004              1.3999999999999999              1.3999999999999999
       0.10546875               1.0000000000000000              0.0000000000000000              1.0000000000000000              2.5000000000000004              1.3999999999999999              1.3999999999999999
       0.11328125               1.0000000000000000              0.0000000000000000              1.0000000000000000              2.5000000000000004              1.3999999999999999              1.3999999999999999
       0.12109375               1.0000000000000000              0.0000000000000000              1.0000000000000000              2.5000000000000004              1.3999999999999999              1.3999999999999999
       0.12890625               1.0000000000000000              0.0000000000000000              1.0000000000000000              2.5000000000000004              1.3999999999999999              1.3999999999999999
       0.13671875               1.0000000000000000              0.0000000000000000              1.0000000000000000              2.5000000000000004              1.3999999999999999              1.3999999999999999
       0.14453125               1.0000000000000000              0.0000000000000000              1.0000000000000000              2.5000000000000004              1.3999999999999999              1.3999999999999999
       0.15234375               1.0000000000000000              0.0000000000000000              1.0000000000000000              2.5000000000000004              1.3999999999999999              1.3999999999999999
       0.16015625               1.0000000000000000              0.0000000000000000              1.0000000000000000              2.5000000000000004              1.3999999999999999              1.3999999999999999
       0.16796875               1.0000000000000000              0.0000000000000000              1.0000000000000000              2.5000000000000004              1.3999999999999999              1.3999999999999999
       0.17578125               1.0000000000000000              0.0000000000000000              1.0000000000000000              2.5000000000000004              1.3999999999999999              1.3999999999999999
       0.18359375               1.0000000000000000              0.0000000000000000              1.0000000000000000              2.5000000000000004              1.3999999999999999              1.3999999999999999
       0.19140625               1.0000000000000000              0.0000000000000000              1.0000000000000000              2.5000000000000004              1.3999999999999999              1.3999999999999999
       0.19921875               0.9999999999999999              0.0000000000000001              0.9999999999999998              2.5000000000000000              1.3999999999999999              1.3999999999999999
       0.20703125               0.9999999999999976              0.0000000000000028              0.9999999999999966              2.4999999999999920              1.3999999999999999              1.3999999999999999
       0.21484375               0.9999999999999557              0.0000000000000525              0.9999999999999379              2.4999999999998455              1.3999999999999999              1.3999999999999999
       0.22265625               0.9999999999993265              0.0000000000007968              0.9999999999990569              2.4999999999976428              1.3999999999999999              1.3999999999999999
       0.23046875               0.9999999999914999              0.0000000000100574              0.9999999999880999              2.4999999999702505              1.3999999999999999              1.3999999999999999
       0.23828125               0.9999999999092852              0.0000000001073353              0.9999999998729991              2.4999999996824984              1.3999999999999999              1.3999999999999999
       0.24609375               0.9999999991697889              0.0000000009823194              0.9999999988377039              2.4999999970942604              1.3999999999999999              1.3999999999999999
       0.25390625               0.9999999934137866              0.0000000077929130              0.9999999907793009              2.4999999769482528              1.3999999999999999              1.3999999999999999
       0.26171875               0.9999999543335579              0.0000000540332620              0.9999999360669837              2.4999998401674595              1.3999999999999999              1.3999999999999999
       0.26953125               0.9999997215198509              0.0000003295021321              0.9999996101278776              2.4999990253196946              1.3999999999999999              1.3999999999999999
       0.27734375               0.9999984994371054              0.0000017754895890              0.9999978992141302              2.4999947480353262              1.3999999999999999              1.3999999999999999
       0.28515625               0.9999928317605697              0.0000084815729555              0.9999899645082744              2.4999749112706864              1.3999999999999999              1.3999999999999999
       0.29296875               0.9999695788661740              0.0000359948238598              0.9999574110999673              2.4998935277499190              1.3999999999999999              1.3999999999999999
       0.30078125               0.9998851949937537              0.0001358410258030              0.9998392816272286              2.4995982040680720              1.3999999999999999              1.3999999999999999
       0.30859375               0.9996147469088686              0.0004558703186560              0.9994607318880124              2.4986518297200320              1.3999999999999999              1.3999999999999999
       0.31640625               0.9988513886223006              0.0013594311838637              0.9983926271853304              2.4959815679633266              1.3999999999999999              1.3999999999999999
       0.32421875               0.9969606342320746              0.0035993593780320              0.9957491806788240              2.4893729516970606              1.3999999999999999              1.3999999999999999
       0.33203125               0.9928642512357373              0.0084626724444139              0.9900313835646122              2.4750784589115309              1.3999999999999999              1.3999999999999999
       0.33984375               0.9851096257530054              0.0177114918789652              0.9792390224200623              2.4480975560501563              1.3999999999999999              1.3999999999999999
       0.34765625               0.9722424808016094              0.0331874633801846              0.9614158964431537              2.4035397411078847              1.3999999999999999              1.3999999999999999
       0.35546875               0.9533637338379907              0.0561993988769153              0.9354460078417545              2.3386150196043864              1.3999999999999999              1.3999999999999999
       0.36328125               0.9285160684711989              0.0870625251283007              0.9015813035396699              2.2539532588491751              1.3999999999999999              1.3999999999999999
       0.37109375               0.8986270516759862              0.1250908783092416              0.8613164163343985              2.1532910408359967              1.3999999999999999              1.3999999999999999
       0.37890625               0.8650749941783151              0.1690191848553371              0.8167311667466632              2.0418279168666587              1.3999999999999999              1.3999999999999999
       0.38671875               0.8292111389587140              0.2176337421098088              0.7696999363290402              1.9242498408226010              1.3999999999999999              1.3999999999999999
       0.39453125               0.7923171080474599              0.2693506958329872              0.7220460280862571              1.8051150702156429              1.3999999999999999              1.3999999999999999
       0.40234375               0.7565002129455934              0.3211533971869912              0.6767012666527793              1.6917531666319485              1.3999999999999999              1.3999999999999999
       0.41015625               0.7225651961374477              0.3723120264541257              0.6346043444295847              1.5865108610739622              1.3999999999999999              1.3999999999999999
       0.41796875               0.6903325287334202              0.4226866424411716              0.5953493158273695              1.4883732895684243              1.3999999999999999              1.3999999999999999
       0.42578125               0.6596799383636560              0.4723106760653598              0.5586944653804657              1.3967361634511646              1.3999999999999999              1.3999999999999999
       0.43359375               0.6305371311772983              0.5212738407156973              0.5244706604339788              1.3111766510849474              1.3999999999999999              1.3999999999999999
       0.44140625               0.6028044896013987              0.5695728430809518              0.4924811735061360              1.2312029337653403              1.3999999999999999              1.3999999999999999
       0.44921875               0.5764158585248540              0.6172126447334431              0.4625800260072168              1.1564500650180420              1.3999999999999999              1.3999999999999999
       0.45703125               0.5513221844646885              0.6641676863170517              0.4346486211817066              1.0866215529542667              1.3999999999999999              1.3999999999999999
       0.46484375               0.5274937355249663              0.7103540185254202              0.4085961770185433              1.0214904425463585              1.3999999999999999              1.3999999999999999
       0.47265625               0.5049438694087357              0.7556019454601025              0.3843826981240562              0.9609567453101406              1.3999999999999999              1.3999999999999999
       0.48046875               0.4837624015355374              0.7995579062564135              0.3620488033317791              0.9051220083294480              1.3999999999999999              1.3999999999999999
       0.48828125               0.4641988579406233              0.8414819349212287              0.3417908543081803              0.8544771357704508              1.3999999999999999              1.3999999999999999
       0.49609375               0.4468380939093937              0.8798281776938418              0.3241164915585253              0.8102912288963133              1.3999999999999999              1.3999999999999999
       0.50390625               0.4328803241614563              0.9115193649341728              0.3101018635058405              0.7752546587646014              1.3999999999999999              1.3999999999999999
       0.51171875               0.4242055385702157              0.9315528981239742              0.3015163996844788              0.7537909992111972              1.3999999999999999              1.3999999999999999
       0.51953125               0.4219171839510467              0.9367267646297347              0.2993445434709096              0.7483613586772742              1.3999999999999999              1.3999999999999999
       0.52734375               0.4246054685745065              0.9302841395332928              0.3020729437630638              0.7551823594076598              1.3999999999999999              1.3999999999999999
       0.53515625               0.4251604473471499              0.9290552488967529              0.3026076075539610              0.7565190188849028              1.3999999999999999              1.3999999999999999
       0.54296875               0.4251604067619797              0.9291481660376368              0.3025787847118205              0.7564469617795514              1.3999999999999999              1.3999999999999999
       0.55078125               0.4251206695327875              0.9293454104176126              0.3025097737782510              0.7562744344456278              1.3999999999999999              1.3999999999999999
       0.55859375               0.4250964186917711              0.9291109788366555              0.3026209699257991              0.7565524248144978              1.3999999999999999              1.3999999999999999
       0.56640625               0.4246515602951397              0.9290203261471680              0.3026730191381904              0.7566825478454762              1.3999999999999999              1.3999999999999999
       0.57421875               0.4232116197190220              0.9288442986185879              0.3027606546182880              0.7569016365457202              1.3999999999999999              1.3999999999999999
       0.58203125               0.4195156167155249              0.9287053212348956              0.3028304341156123              0.7570760852890308              1.3999999999999999              1.3999999999999999
       0.58984375               0.4115889588203279              0.9285895383657746              0.3028889491528063              0.7572223728820160              1.3999999999999999              1.3999999999999999
       0.59765625               0.3968729665598924              0.9285140140489166              0.3029275632967727              0.7573189082419318              1.3999999999999999              1.3999999999999999
       0.60546875               0.3727830896245576              0.9282522913528785              0.3030382509601452              0.7575956274003631              1.3999999999999999              1.3999999999999999
       0.61328125               0.3388738313435694              0.9280614165204094              0.3031080852319064              0.7577702130797660              1.3999999999999999              1.3999999999999999
       0.62109375               0.3060422051273962              0.9278380325921002              0.3031799681365770              0.7579499203414427              1.3999999999999999              1.3999999999999999
       0.62890625               0.2842402254820353              0.9278173933084972              0.3031748968116065              0.7579372420290165              1.3999999999999999              1.3999999999999999
       0.63671875               0.2717639412932163              0.9278486063493062              0.3031631113617327              0.7579077784043319              1.3999999999999999              1.3999999999999999
       0.64453125               0.2658440906868635              0.9279260173234295              0.3031610513586494              0.7579026283966237              1.3999999999999999              1.3999999999999999
       0.65234375               0.2636047021116498              0.9283459155052786              0.3030772615292501              0.7576931538231252              1.3999999999999999              1.3999999999999999
       0.66015625               0.2633480085632582              0.9281071621654877              0.3032444365472945              0.7581110913682364              1.3999999999999999              1.3999999999999999
       0.66796875               0.2636471577342140              0.9285857091137800              0.3031881151480370              0.7579702878700927              1.3999999999999999              1.3999999999999999
       0.67578125               0.2644845476729246              0.9289081639346003              0.3032396741274562              0.7580991853186407              1.3999999999999999              1.3999999999999999
       0.68359375               0.2656019963478961              0.9274797181345650              0.3038968215122709              0.7597420537806774              1.3999999999999999              1.3999999999999999
       0.69140625               0.2653632666185152              0.9302174344433857              0.3031534132319144              0.7578835330797861              1.3999999999999999              1.3999999999999999
       0.69921875               0.2657794867160567              0.9254039996875084              0.3035623633223306              0.7589059083058267              1.3999999999999999              1.3999999999999999
       0.70703125               0.2600832827049207              0.9032424326242209              0.2944661622191848              0.7361654055479622              1.3999999999999999              1.3999999999999999
       0.71484375               0.2202458586609900              0.6911710014980816              0.2337111941385700              0.5842779853464251              1.3999999999999999              1.3999999999999999
       0.72265625               0.1424503378086299              0.1552119674023811              0.1222390168926066              0.3055975422315167              1.3999999999999999              1.3999999999999999
       0.73046875               0.1258332211303739              0.0071663825015652              0.1009505692093078              0.2523764230232695              1.3999999999999999              1.3999999999999999
       0.73828125               0.1250290603121812              0.0002463366107359              0.1000325900354055              0.2500814750885138              1.3999999999999999              1.3999999999999999
       0.74609375               0.1250009823754892              0.0000083178012205              0.1000011003447971              0.2500027508619928              1.3999999999999999              1.3999999999999999
       0.75390625               0.1250000325070409              0.0000002752188363              0.1000000364080332              0.2500000910200831              1.3999999999999999              1.3999999999999999
       0.76171875               0.1250000010573782              0.0000000089521925              0.1000000011842638              0.2500000029606596              1.3999999999999999              1.3999999999999999
       0.76953125               0.1250000000334543              0.0000000002832373              0.1000000000374688              0.2500000000936721              1.3999999999999999              1.3999999999999999
       0.77734375               0.1250000000010133              0.0000000000085795              0.1000000000011350              0.2500000000028375              1.3999999999999999              1.3999999999999999
       0.78515625               0.1250000000000286              0.0000000000002425              0.1000000000000321              0.2500000000000803              1.3999999999999999              1.3999999999999999
       0.79296875               0.1250000000000007              0.0000000000000062              0.1000000000000008              0.2500000000000021              1.3999999999999999              1.3999999999999999
       0.80078125               0.1250000000000000              0.0000000000000001              0.1000000000000000              0.2500000000000001              1.3999999999999999              1.3999999999999999
       0.80859375               0.1250000000000000              0.0000000000000000              0.1000000000000000              0.2500000000000001              1.3999999999999999              1.3999999999999999
       0.81640625               0.1250000000000000              0.0000000000000000              0.1000000000000000              0.2500000000000001              1.3999999999999999              1.3999999999999999
       0.82421875               0.1250000000000000              0.0000000000000000              0.1000000000000000              0.2500000000000001              1.3999999999999999              1.3999999999999999
       0.83203125               0.1250000000000000              0.0000000000000000              0.1000000000000000              0.2500000000000001              1.3999999999999999              1.3999999999999999
       0.83984375               0.1250000000000000              0.0000000000000000              0.1000000000000000              0.2500000000000001              1.3999999999999999              1.3999999999999999
       0.84765625               0.1250000000000000              0.0000000000000000              0.1000000000000000              0.2500000000000001              1.3999999999999999              1.3999999999999999
       0.85546875               0.1250000000000000              0.0000000000000000              0.1000000000000000              0.2500000000000001              1.3999999999999999              1.3999999999999999
       0.86328125               0.1250000000000000              0.0000000000000000              0.1000000000000000              0.2500000000000001              1.3999999999999999              1.3999999999999999
       0.87109375               0.1250000000000000              0.0000000000000000              0.1000000000000000              0.2500000000000001              1.3999999999999999              1.3999999999999999
       0.87890625               0.1250000000000000              0.0000000000000000              0.1000000000000000              0.2500000000000001              1.3999999999999999              1.3999999999999999
       0.88671875               0.1250000000000000              0.0000000000000000              0.1000000000000000              0.2500000000000001              1.3999999999999999              1.3999999999999999
       0.89453125               0.1250000000000000              0.0000000000000000              0.1000000000000000              0.2500000000000001              1.3999999999999999              1.3999999999999999
       0.90234375               0.1250000000000000              0.0000000000000000              0.1000000000000000              0.2500000000000001              1.3999999999999999              1.3999999999999999
       0.91015625               0.1250000000000000              0.0000000000000000              0.1000000000000000              0.2500000000000001              1.3999999999999999              1.3999999999999999
       0.91796875               0.1250000000000000              0.0000000000000000              0.1000000000000000              0.2500000000000001              1.3999999999999999              1.3999999999999999
       0.92578125               0.1250000000000000              0.0000000000000000              0.1000000000000000              0.2500000000000001              1.3999999999999999              1.3999999999999999
       0.93359375               0.1250000000000000              0.0000000000000000              0.1000000000000000              0.2500000000000001              1.3999999999999999              1.3999999999999999
       0.94140625               0.1250000000000000              0.0000000000000000              0.1000000000000000              0.2500000000000001              1.3999999999999999              1.3999999999999999
       0.94921875               0.1250000000000000              0.0000000000000000              0.1000000000000000              0.2500000000000001              1.3999999999999999              1.3999999999999999
       0.95703125               0.1250000000000000              0.0000000000000000              0.1000000000000000              0.2500000000000001              1.3999999999999999              1.3999999999999999
       0.96484375               0.1250000000000000              0.0000000000000000              0.1000000000000000              0.2500000000000001              1.3999999999999999              1.3999999999999999
       0.97265625               0.1250000000000000              0.0000000000000000              0.1000000000000000              0.2500000000000001              1.3999999999999999              1.3999999999999999
       0.98046875               0.1250000000000000              0.0000000000000000              0.1000000000000000              0.2500000000000001              1.3999999999999999              1.3999999999999999
       0.98828125               0.1250000000000000              0.0000000000000000              0.1000000000000000              0.2500000000000001              1.3999999999999999              1.3999999999999999
       0.99609375               0.1250000000000000              0.0000000000000000              0.1000000000000000              0.2500000000000001              1.3999999999999999              1.3999999999999999
