       0.00390625               1.0000000000000000              0.0000000000000000              1.0000000000000000              2.5000000000000004              1.3999999999999999              1.3999999999999999
       0.01171875               1.0000000000000000              0.0000000000000000              1.0000000000000000              2.5000000000000004              1.3999999999999999              1.3999999999999999
       0.01953125               1.0000000000000000              0.0000000000000000              1.0000000000000000              2.5000000000000004              1.3999999999999999              1.3999999999999999
       0.02734375               1.0000000000000000              0.0000000000000000              1.0000000000000000              2.5000000000000004              1.3999999999999999              1.3999999999999999
       0.03515625               1.0000000000000000              0.0000000000000000              1.0000000000000000              2.5000000000000004              1.3999999999999999              1.3999999999999999
       0.04296875               1.0000000000000000              0.0000000000000000              1.0000000000000000              2.5000000000000004              1.3999999999999999              1.3999999999999999
       0.05078125               1.0000000000000000              0.0000000000000000              1.0000000000000000              2.5000000000000004              1.3999999999999999              1.3999999999999999
       0.05859375               1.0000000000000000              0.0000000000000000              1.0000000000000000              2.5000000000000004              1.3999999999999999              1.3999999999999999
       0.06640625               1.0000000000000000              0.0000000000000000              1.0000000000000000              2.5000000000000004              1.3999999999999999              1.3999999999999999
       0.07421875               1.0000000000000000              0.0000000000000000              1.0000000000000000              2.5000000000000004              1.3999999999999999              1.3999999999999999
       0.08203125               1.0000000000000000              0.0000000000000000              1.0000000000000000              2.5000000000000004              1.3999999999999999              1.3999999999999999
       0.08984375               1.0000000000000000              0.0000000000000000              1.0000000000000000              2.5000000000000004              1.3999999999999999              1.3999999999999999
       0.09765625               1.0000000000000000              0.0000000000000000              1.0000000000000000              2.5000000000000004              1.3999999999999999              1.3999999999999999
       0.10546875               1.0000000000000000              0.0000000000000000              1.0000000000000000              2.5000000000000004              1.3999999999999999              1.3999999999999999
       0.11328125               1.0000000000000000              0.0000000000000000              1.0000000000000000              2.5000000000000004              1.3999999999999999              1.3999999999999999
       0.12109375               1.0000000000000000              0.0000000000000000              1.0000000000000000              2.5000000000000004              1.3999999999999999              1.3999999999999999
       0.12890625               1.0000000000000000              0.0000000000000000              1.0000000000000000              2.5000000000000004              1.3999999999999999              1.3999999999999999
       0.13671875               1.0000000000000000              0.0000000000000000              1.0000000000000000              2.5000000000000004              1.3999999999999999              1.3999999999999999
       0.14453125               1.0000000000000000              0.0000000000000000              1.0000000000000000              2.5000000000000004              1.3999999999999999              1.3999999999999999
       0.15234375               1.0000000000000000              0.0000000000000000              1.0000000000000000              2.5000000000000004              1.3999999999999999              1.3999999999999999
       0.16015625               1.0000000000000000              0.0000000000000000              1.0000000000000000              2.5000000000000004              1.3999999999999999              1.3999999999999999
       0.16796875               1.0000000000000000              0.0000000000000000              1.0000000000000000              2.5000000000000004              1.3999999999999999              1.3999999999999999
       0.17578125               1.0000000000000000              0.0000000000000000              1.0000000000000000              2.5000000000000004              1.3999999999999999              1.3999999999999999
       0.18359375               1.0000000000000000              0.0000000000000000              1.0000000000000000              2.5000000000000004              1.3999999999999999              1.3999999999999999
       0.19140625               1.0000000000000000              0.0000000000000000              1.0000000000000000              2.5000000000000004              1.3999999999999999              1.3999999999999999
       0.19921875               1.0000000000000000              0.0000000000000000              1.0000000000000000              2.5000000000000004              1.3999999999999999              1.3999999999999999
       0.20703125               1.0000000000000000              0.0000000000000000              1.0000000000000000              2.5000000000000004              1.3999999999999999              1.3999999999999999
       0.21484375               1.0000000000000000              0.0000000000000000              1.0000000000000000              2.5000000000000004              1.3999999999999999              1.3999999999999999
       0.22265625               1.0000000000000000              0.0000000000000000              1.0000000000000000              2.5000000000000004              1.3999999999999999              1.3999999999999999
       0.23046875               1.0000000000000000              0.0000000000000000              1.0000000000000000              2.5000000000000004              1.3999999999999999              1.3999999999999999
       0.23828125               1.0000000000000000              0.0000000000000000              1.0000000000000000              2.5000000000000004              1.3999999999999999              1.3999999999999999
       0.24609375               1.0000000000000000              0.0000000000000000              1.0000000000000000              2.5000000000000004              1.3999999999999999              1.3999999999999999
       0.25390625               1.0000000000000000              0.0000000000000000              1.0000000000000000              2.5000000000000004              1.3999999999999999              1.3999999999999999
       0.26171875               1.0000000000000000              0.0000000000000000              1.0000000000000000              2.5000000000000004              1.3999999999999999              1.3999999999999999
       0.26953125               1.0000000000000000              0.0000000000000000              1.0000000000000000              2.5000000000000004              1.3999999999999999              1.3999999999999999
       0.27734375               1.0000000000000000              0.0000000000000000              1.0000000000000000              2.5000000000000004              1.3999999999999999              1.3999999999999999
       0.28515625               1.0000000000000000              0.0000000000000000              1.0000000000000000              2.5000000000000004              1.3999999999999999              1.3999999999999999
       0.29296875               1.0000000000000000              0.0000000000000000              1.0000000000000000              2.5000000000000004              1.3999999999999999              1.3999999999999999
       0.30078125               0.9999999999999994              0.0000000000000008              0.9999999999999990              2.4999999999999982              1.3999999999999999              1.3999999999999999
       0.30859375               0.9999999999999737              0.0000000000000312              0.9999999999999631              2.4999999999999085              1.3999999999999999              1.3999999999999999
       0.31640625               0.9999999999991559              0.0000000000009985              0.9999999999988186              2.4999999999970468              1.3999999999999999              1.3999999999999999
       0.32421875               0.9999999999793927              0.0000000000243830              0.9999999999711496              2.4999999999278746              1.3999999999999999              1.3999999999999999
       0.33203125               0.9999999996016159              0.0000000004713744              0.9999999994422619              2.4999999986056554              1.3999999999999999              1.3999999999999999
       0.33984375               0.9999999937441563              0.0000000074020140              0.9999999912418192              2.4999999781045488              1.3999999999999999              1.3999999999999999
       0.34765625               0.9999999187382091              0.0000000961502335              0.9999998862335151              2.4999997155837885              1.3999999999999999              1.3999999999999999
       0.35546875               0.9999991147167867              0.0000010474803360              0.9999987606052679              2.4999969015131702              1.3999999999999999              1.3999999999999999
       0.36328125               0.9999918194362766              0.0000096793359021              0.9999885473201449              2.4999713683003626              1.3999999999999999              1.3999999999999999
       0.37109375               0.9999352209709401              0.0000766467546289              0.9999093146248790              2.4997732865621982              1.3999999999999999              1.3999999999999999
       0.37890625               0.9995561935922478              0.0005251311538250              0.9993788672254732              2.4984471680636835              1.3999999999999999              1.3999999999999999
       0.38671875               0.9973414975851119              0.0031475700684783              0.9962836045261528              2.4907090113153827              1.3999999999999999              1.3999999999999999
       0.39453125               0.9868046588510564              0.0157120322808139              0.9816212120781752              2.4540530301954386              1.3999999999999999              1.3999999999999999
       0.40234375               0.9604801747018711              0.0475675460359791              0.9452339427768521              2.3630848569421312              1.3999999999999999              1.3999999999999999
       0.41015625               0.9180770804587214              0.1004771634510316              0.8874733992163696              2.2186834980409245              1.3999999999999999              1.3999999999999999
       0.41796875               0.8649629429570888              0.1695577574980796              0.8165973138840711              2.0414932847101781              1.3999999999999999              1.3999999999999999
       0.42578125               0.8078178682025754              0.2483995277432239              0.7417347329608481              1.8543368324021208              1.3999999999999999              1.3999999999999999
       0.43359375               0.7508653249411449              0.3284833419451429              0.6711348361101943              1.6778370902754862              1.3999999999999999              1.3999999999999999
       0.44140625               0.7035456891415099              0.4059672825472663              0.6088503726697333              1.5221259316743336              1.3999999999999999              1.3999999999999999
       0.44921875               0.6532193909767040              0.4797020540566237              0.5540455381819493              1.3851138454548737              1.3999999999999999              1.3999999999999999
       0.45703125               0.6151531151346220              0.5491963614862738              0.5063407916160738              1.2658519790401850              1.3999999999999999              1.3999999999999999
       0.46484375               0.5811472585604098              0.6145741659652894              0.4646977620676858              1.1617444051692145              1.3999999999999999              1.3999999999999999
       0.47265625               0.5436948782717769              0.6759200700387549              0.4282701091385834              1.0706752728464588              1.3999999999999999              1.3999999999999999
       0.48046875               0.5140473265034510              0.7345060506266027              0.3959494506277097              0.9898736265692745              1.3999999999999999              1.3999999999999999
       0.48828125               0.4885346576830464              0.7924052144967987              0.3661477853713822              0.9153694634284556              1.3999999999999999              1.3999999999999999
       0.49609375               0.4632885907751486              0.8511889702979539              0.3376816135282910              0.8442040338207277              1.3999999999999999              1.3999999999999999
       0.50390625               0.4353777168573426              0.9081932501888689              0.3118521439327812              0.7796303598319533              1.3999999999999999              1.3999999999999999
       0.51171875               0.4163944120209528              0.9440507336374880              0.2964061638245546              0.7410154095613868              1.3999999999999999              1.3999999999999999
       0.51953125               0.4165425072924576              0.9460792198742313              0.2957208164626158              0.7393020411565397              1.3999999999999999              1.3999999999999999
       0.52734375               0.4267501041409791              0.9297046161838862              0.3026444374168574              0.7566110935421437              1.3999999999999999              1.3999999999999999
       0.53515625               0.4292423689029220              0.9290645559295497              0.3031244445619740              0.7578111114049350              1.3999999999999999              1.3999999999999999
       0.54296875               0.4289027246630508              0.9293846239066527              0.3030950521788423              0.7577376304471058              1.3999999999999999              1.3999999999999999
       0.55078125               0.4245686678738158              0.9304837327317149              0.3027675663175098              0.7569189157937746              1.3999999999999999              1.3999999999999999
       0.55859375               0.4121071819506845              0.9295787509727252              0.3031680045120715              0.7579200112801789              1.3999999999999999              1.3999999999999999
       0.56640625               0.3882918579493432              0.9302790244096223              0.3027730632697107              0.7569326581742768              1.3999999999999999              1.3999999999999999
       0.57421875               0.3545276786669656              0.9294498986488492              0.3029655997541099              0.7574139993852750              1.3999999999999999              1.3999999999999999
       0.58203125               0.3144248039847354              0.9299359766220635              0.3027463773612087              0.7568659434030218              1.3999999999999999              1.3999999999999999
       0.58984375               0.2828964413918105              0.9284800039049077              0.3033499049874530              0.7583747624686326              1.3999999999999999              1.3999999999999999
       0.59765625               0.2647934721669299              0.9293155880709872              0.3032194949340270              0.7580487373350676              1.3999999999999999              1.3999999999999999
       0.60546875               0.2591345709727241              0.9298764757916590              0.3033753504687889              0.7584383761719724              1.3999999999999999              1.3999999999999999
       0.61328125               0.2594058711250272              0.9283337126903776              0.3042508352812462              0.7606270882031158              1.3999999999999999              1.3999999999999999
       0.62109375               0.2597814318815279              0.9330692950249353              0.3029718879221578              0.7574297198053948              1.3999999999999999              1.3999999999999999
       0.62890625               0.2635596896761637              0.9275533140723773              0.3048498682693307              0.7621246706733270              1.3999999999999999              1.3999999999999999
       0.63671875               0.2631272985445887              0.9223159218778946              0.2993811885533483              0.7484529713833711              1.3999999999999999              1.3999999999999999
       0.64453125               0.2205235712384522              0.6694963985371105              0.2315817091979992              0.5789542729949981              1.3999999999999999              1.3999999999999999
       0.65234375               0.1311251037323275              0.0557898976173187              0.1075787626002587              0.2689469065006469              1.3999999999999999              1.3999999999999999
       0.66015625               0.1250593278537969              0.0005064823346308              0.1000670119566759              0.2501675298916897              1.3999999999999999              1.3999999999999999
       0.66796875               0.1250004779240454              0.0000040486368060              0.1000005355849579              0.2500013389623949              1.3999999999999999              1.3999999999999999
       0.67578125               0.1250000036400209              0.0000000308190995              0.1000000040769837              0.2500000101924593              1.3999999999999999              1.3999999999999999
       0.68359375               0.1250000000261664              0.0000000002215359              0.1000000000293064              0.2500000000732661              1.3999999999999999              1.3999999999999999
       0.69140625               0.1250000000001753              0.0000000000014838              0.1000000000001963              0.2500000000004909              1.3999999999999999              1.3999999999999999
       0.69921875               0.1250000000000010              0.0000000000000088              0.1000000000000012              0.2500000000000029              1.3999999999999999              1.3999999999999999
       0.70703125               0.1250000000000000              0.0000000000000000              0.1000000000000000              0.2500000000000001              1.3999999999999999              1.3999999999999999
       0.71484375               0.1250000000000000              0.0000000000000000              0.1000000000000000              0.2500000000000001              1.3999999999999999              1.3999999999999999
       0.72265625               0.1250000000000000              0.0000000000000000              0.1000000000000000              0.2500000000000001              1.3999999999999999              1.3999999999999999
       0.73046875               0.1250000000000000              0.0000000000000000              0.1000000000000000              0.2500000000000001              1.3999999999999999              1.3999999999999999
       0.73828125               0.1250000000000000              0.0000000000000000              0.1000000000000000              0.2500000000000001              1.3999999999999999              1.3999999999999999
       0.74609375               0.1250000000000000              0.0000000000000000              0.1000000000000000              0.2500000000000001              1.3999999999999999              1.3999999999999999
       0.75390625               0.1250000000000000              0.0000000000000000              0.1000000000000000              0.2500000000000001              1.3999999999999999              1.3999999999999999
       0.76171875               0.1250000000000000              0.0000000000000000              0.1000000000000000              0.2500000000000001              1.3999999999999999              1.3999999999999999
       0.76953125               0.1250000000000000              0.0000000000000000              0.1000000000000000              0.2500000000000001              1.3999999999999999              1.3999999999999999
       0.77734375               0.1250000000000000              0.0000000000000000              0.1000000000000000              0.2500000000000001              1.3999999999999999              1.3999999999999999
       0.78515625               0.1250000000000000              0.0000000000000000              0.1000000000000000              0.2500000000000001              1.3999999999999999              1.3999999999999999
       0.79296875               0.1250000000000000              0.0000000000000000              0.1000000000000000              0.2500000000000001              1.3999999999999999              1.3999999999999999
       0.80078125               0.1250000000000000              0.0000000000000000              0.1000000000000000              0.2500000000000001              1.3999999999999999              1.3999999999999999
       0.80859375               0.1250000000000000              0.0000000000000000              0.1000000000000000              0.2500000000000001              1.3999999999999999              1.3999999999999999
       0.81640625               0.1250000000000000              0.0000000000000000              0.1000000000000000              0.2500000000000001              1.3999999999999999              1.3999999999999999
       0.82421875               0.1250000000000000              0.0000000000000000              0.1000000000000000              0.2500000000000001              1.3999999999999999              1.3999999999999999
       0.83203125               0.1250000000000000              0.0000000000000000              0.1000000000000000              0.2500000000000001              1.3999999999999999              1.3999999999999999
       0.83984375               0.1250000000000000              0.0000000000000000              0.1000000000000000              0.2500000000000001              1.3999999999999999              1.3999999999999999
       0.84765625               0.1250000000000000              0.0000000000000000              0.1000000000000000              0.2500000000000001              1.3999999999999999              1.3999999999999999
       0.85546875               0.1250000000000000              0.0000000000000000              0.1000000000000000              0.2500000000000001              1.3999999999999999              1.3999999999999999
       0.86328125               0.1250000000000000              0.0000000000000000              0.1000000000000000              0.2500000000000001              1.3999999999999999              1.3999999999999999
       0.87109375               0.1250000000000000              0.0000000000000000              0.1000000000000000              0.2500000000000001              1.3999999999999999              1.3999999999999999
       0.87890625               0.1250000000000000              0.0000000000000000              0.1000000000000000              0.2500000000000001              1.3999999999999999              1.3999999999999999
       0.88671875               0.1250000000000000              0.0000000000000000              0.1000000000000000              0.2500000000000001              1.3999999999999999              1.3999999999999999
       0.89453125               0.1250000000000000              0.0000000000000000              0.1000000000000000              0.2500000000000001              1.3999999999999999              1.3999999999999999
       0.90234375               0.1250000000000000              0.0000000000000000              0.1000000000000000              0.2500000000000001              1.3999999999999999              1.3999999999999999
       0.91015625               0.1250000000000000              0.0000000000000000              0.1000000000000000              0.2500000000000001              1.3999999999999999              1.3999999999999999
       0.91796875               0.1250000000000000              0.0000000000000000              0.1000000000000000              0.2500000000000001              1.3999999999999999              1.3999999999999999
       0.92578125               0.1250000000000000              0.0000000000000000              0.1000000000000000              0.2500000000000001              1.3999999999999999              1.3999999999999999
       0.93359375               0.1250000000000000              0.0000000000000000              0.1000000000000000              0.2500000000000001              1.3999999999999999              1.3999999999999999
       0.94140625               0.1250000000000000              0.0000000000000000              0.1000000000000000              0.2500000000000001              1.3999999999999999              1.3999999999999999
       0.94921875               0.1250000000000000              0.0000000000000000              0.1000000000000000              0.2500000000000001              1.3999999999999999              1.3999999999999999
       0.95703125               0.1250000000000000              0.0000000000000000              0.1000000000000000              0.2500000000000001              1.3999999999999999              1.3999999999999999
       0.96484375               0.1250000000000000              0.0000000000000000              0.1000000000000000              0.2500000000000001              1.3999999999999999              1.3999999999999999
       0.97265625               0.1250000000000000              0.0000000000000000              0.1000000000000000              0.2500000000000001              1.3999999999999999              1.3999999999999999
       0.98046875               0.1250000000000000              0.0000000000000000              0.1000000000000000              0.2500000000000001              1.3999999999999999              1.3999999999999999
       0.98828125               0.1250000000000000              0.0000000000000000              0.1000000000000000              0.2500000000000001              1.3999999999999999              1.3999999999999999
       0.99609375               0.1250000000000000              0.0000000000000000              0.1000000000000000              0.2500000000000001              1.3999999999999999              1.3999999999999999
