       0.00390625               1.0000000000000000              0.0000000000000000              1.0000000000000000              2.5000000000000004              1.3999999999999999              1.3999999999999999
       0.01171875               1.0000000000000000              0.0000000000000000              1.0000000000000000              2.5000000000000004              1.3999999999999999              1.3999999999999999
       0.01953125               1.0000000000000000              0.0000000000000000              1.0000000000000000              2.5000000000000004              1.3999999999999999              1.3999999999999999
       0.02734375               1.0000000000000000              0.0000000000000000              1.0000000000000000              2.5000000000000004              1.3999999999999999              1.3999999999999999
       0.03515625               1.0000000000000000              0.0000000000000000              1.0000000000000000              2.5000000000000004              1.3999999999999999              1.3999999999999999
       0.04296875               1.0000000000000000              0.0000000000000000              1.0000000000000000              2.5000000000000004              1.3999999999999999              1.3999999999999999
       0.05078125               1.0000000000000000              0.0000000000000000              1.0000000000000000              2.5000000000000004              1.3999999999999999              1.3999999999999999
       0.05859375               1.0000000000000000              0.0000000000000000              1.0000000000000000              2.5000000000000004              1.3999999999999999              1.3999999999999999
       0.06640625               1.0000000000000000              0.0000000000000000              1.0000000000000000              2.5000000000000004              1.3999999999999999              1.3999999999999999
       0.07421875               1.0000000000000000              0.0000000000000000              1.0000000000000000              2.5000000000000004              1.3999999999999999              1.3999999999999999
       0.08203125               1.0000000000000000              0.0000000000000000              1.0000000000000000              2.5000000000000004              1.3999999999999999              1.3999999999999999
       0.08984375               1.0000000000000000              0.0000000000000000              1.0000000000000000              2.5000000000000004              1.3999999999999999              1.3999999999999999
       0.09765625               1.0000000000000000              0.0000000000000000              1.0000000000000000              2.5000000000000004              1.3999999999999999              1.3999999999999999
       0.10546875               1.0000000000000000              0.0000000000000000              1.0000000000000000              2.5000000000000004              1.3999999999999999              1.3999999999999999
       0.11328125               1.0000000000000000              0.0000000000000000              1.0000000000000000              2.5000000000000004              1.3999999999999999              1.3999999999999999
       0.12109375               1.0000000000000000              0.0000000000000000              1.0000000000000000              2.5000000000000004              1.3999999999999999              1.3999999999999999
       0.12890625               1.0000000000000000              0.0000000000000000              1.0000000000000000              2.5000000000000004              1.3999999999999999              1.3999999999999999
       0.13671875               1.0000000000000000              0.0000000000000000              1.0000000000000000              2.5000000000000004              1.3999999999999999              1.3999999999999999
       0.14453125               1.0000000000000000              0.0000000000000000              1.0000000000000000              2.5000000000000004              1.3999999999999999              1.3999999999999999
       0.15234375               1.0000000000000000              0.0000000000000000              1.0000000000000000              2.5000000000000004              1.3999999999999999              1.3999999999999999
       0.16015625               1.0000000000000000              0.0000000000000000              1.0000000000000000              2.5000000000000004              1.3999999999999999              1.3999999999999999
       0.16796875               1.0000000000000000              0.0000000000000000              1.0000000000000000              2.5000000000000004              1.3999999999999999              1.3999999999999999
       0.17578125               1.0000000000000000              0.0000000000000000              1.0000000000000000              2.5000000000000004              1.3999999999999999              1.3999999999999999
       0.18359375               1.0000000000000000              0.0000000000000000              1.0000000000000000              2.5000000000000004              1.3999999999999999              1.3999999999999999
       0.19140625               1.0000000000000000              0.0000000000000000              1.0000000000000000              2.5000000000000004              1.3999999999999999              1.3999999999999999
       0.19921875               1.0000000000000000              0.0000000000000000              1.0000000000000000              2.5000000000000004              1.3999999999999999              1.3999999999999999
       0.20703125               1.0000000000000000              0.0000000000000000              1.0000000000000000              2.5000000000000004              1.3999999999999999              1.3999999999999999
       0.21484375               1.0000000000000000              0.0000000000000000              1.0000000000000000              2.5000000000000004              1.3999999999999999              1.3999999999999999
       0.22265625               1.0000000000000000              0.0000000000000000              1.0000000000000000              2.5000000000000004              1.3999999999999999              1.3999999999999999
       0.23046875               1.0000000000000000              0.0000000000000000              1.0000000000000000              2.5000000000000004              1.3999999999999999              1.3999999999999999
       0.23828125               1.0000000000000000              0.0000000000000000              1.0000000000000000              2.5000000000000004              1.3999999999999999              1.3999999999999999
       0.24609375               1.0000000000000000              0.0000000000000000              1.0000000000000000              2.5000000000000004              1.3999999999999999              1.3999999999999999
       0.25390625               1.0000000000000000              0.0000000000000000              1.0000000000000000              2.5000000000000004              1.3999999999999999              1.3999999999999999
       0.26171875               1.0000000000000000              0.0000000000000000              1.0000000000000000              2.5000000000000004              1.3999999999999999              1.3999999999999999
       0.26953125               1.0000000000000000              0.0000000000000000              1.0000000000000000              2.5000000000000004              1.3999999999999999              1.3999999999999999
       0.27734375               1.0000000000000000              0.0000000000000000              1.0000000000000000              2.5000000000000004              1.3999999999999999              1.3999999999999999
       0.28515625               1.0000000000000000              0.0000000000000000              1.0000000000000000              2.5000000000000004              1.3999999999999999              1.3999999999999999
       0.29296875               1.0000000000000000              0.0000000000000000              1.0000000000000000              2.5000000000000004              1.3999999999999999              1.3999999999999999
       0.30078125               1.0000000000000000              0.0000000000000000              1.0000000000000000              2.5000000000000004              1.3999999999999999              1.3999999999999999
       0.30859375               1.0000000000000000              0.0000000000000000              1.0000000000000000              2.5000000000000004              1.3999999999999999              1.3999999999999999
       0.31640625               1.0000000000000000              0.0000000000000000              1.0000000000000000              2.5000000000000004              1.3999999999999999              1.3999999999999999
       0.32421875               1.0000000000000000              0.0000000000000000              1.0000000000000000              2.5000000000000004              1.3999999999999999              1.3999999999999999
       0.33203125               1.0000000000000000              0.0000000000000000              1.0000000000000000              2.5000000000000004              1.3999999999999999              1.3999999999999999
       0.33984375               0.9999999999999946              0.0000000000000064              0.9999999999999925              2.4999999999999813              1.3999999999999999              1.3999999999999999
       0.34765625               0.9999999999994198              0.0000000000006865              0.9999999999991875              2.4999999999979696              1.3999999999999999              1.3999999999999999
       0.35546875               0.9999999999706970              0.0000000000346718              0.9999999999589756              2.4999999998974394              1.3999999999999999              1.3999999999999999
       0.36328125               0.9999999990721706              0.0000000010978225              0.9999999987010387              2.4999999967525972              1.3999999999999999              1.3999999999999999
       0.37109375               0.9999999793614922              0.0000000244198076              0.9999999711060942              2.4999999277652361              1.3999999999999999              1.3999999999999999
       0.37890625               0.9999996574673226              0.0000004052896864              0.9999995204548686              2.4999988011371723              1.3999999999999999              1.3999999999999999
       0.38671875               0.9999956007174385              0.0000052052695457              0.9999938410587880              2.4999846026469705              1.3999999999999999              1.3999999999999999
       0.39453125               0.9999551746931528              0.0000530366174118              0.9999372481264055              2.4998431203160143              1.3999999999999999              1.3999999999999999
       0.40234375               0.9996300294635847              0.0004377294770529              0.9994822108712728              2.4987055271781826              1.3999999999999999              1.3999999999999999
       0.41015625               0.9974647986231122              0.0030006120154734              0.9964565618158829              2.4911414045397078              1.3999999999999999              1.3999999999999999
       0.41796875               0.9858823842923768              0.0168002273444813              0.9803563836230478              2.4508909590576198              1.3999999999999999              1.3999999999999999
       0.42578125               0.9528206007286345              0.0569957132123861              0.9348095633971625              2.3370239084929070              1.3999999999999999              1.3999999999999999
       0.43359375               0.8968926182215757              0.1277084135749338              0.8592020992720678              2.1480052481801701              1.3999999999999999              1.3999999999999999
       0.44140625               0.8264718776444702              0.2227965643843283              0.7660841930014649              1.9152104825036627              1.3999999999999999              1.3999999999999999
       0.44921875               0.7512318805269986              0.3281400089444851              0.6721199013113205              1.6802997532783015              1.3999999999999999              1.3999999999999999
       0.45703125               0.6902417531856777              0.4286990890153877              0.5921305165813247              1.4803262914533120              1.3999999999999999              1.3999999999999999
       0.46484375               0.6287967244819497              0.5206676775593806              0.5257352267707954              1.3143380669269888              1.3999999999999999              1.3999999999999999
       0.47265625               0.5832859053994541              0.6043136386049337              0.4716130049761494              1.1790325124403740              1.3999999999999999              1.3999999999999999
       0.48046875               0.5478947764474291              0.6801038092329416              0.4263510460655010              1.0658776151637528              1.3999999999999999              1.3999999999999999
       0.48828125               0.5073036591281406              0.7509174716049767              0.3873802607745078              0.9684506519362697              1.3999999999999999              1.3999999999999999
       0.49609375               0.4720289883078986              0.8213289601060757              0.3522508350583975              0.8806270876459938              1.3999999999999999              1.3999999999999999
       0.50390625               0.4389706685784652              0.8916175818687712              0.3197828534142322              0.7994571335355808              1.3999999999999999              1.3999999999999999
       0.51171875               0.4237411078665178              0.9435589304090410              0.2970878290936442              0.7427195727341108              1.3999999999999999              1.3999999999999999
       0.51953125               0.4221531448814544              0.9493621248257629              0.2948358602038181              0.7370896505095453              1.3999999999999999              1.3999999999999999
       0.52734375               0.4268458599878184              0.9302416326447315              0.3029466258001804              0.7573665645004514              1.3999999999999999              1.3999999999999999
       0.53515625               0.4213473532949731              0.9289858307452464              0.3030775375020150              0.7576938437550378              1.3999999999999999              1.3999999999999999
       0.54296875               0.4053236775904239              0.9288066641376281              0.3030827638698485              0.7577069096746215              1.3999999999999999              1.3999999999999999
       0.55078125               0.3767852175433667              0.9306586564428374              0.3025197460182432              0.7562993650456080              1.3999999999999999              1.3999999999999999
       0.55859375               0.3416988751256445              0.9292353522774164              0.3034732606325134              0.7586831515812836              1.3999999999999999              1.3999999999999999
       0.56640625               0.3014763763100999              0.9322072969547410              0.3028274663211170              0.7570686658027928              1.3999999999999999              1.3999999999999999
       0.57421875               0.2761893002619941              0.9297281718868422              0.3039621179945079              0.7599052949862699              1.3999999999999999              1.3999999999999999
       0.58203125               0.2613372101600959              0.9330261526660923              0.3030177822789951              0.7575444556974879              1.3999999999999999              1.3999999999999999
       0.58984375               0.2578629196344509              0.9317707301531915              0.3038223072305937              0.7595557680764845              1.3999999999999999              1.3999999999999999
       0.59765625               0.2578531210429146              0.9295944293692930              0.3040751016692621              0.7601877541731553              1.3999999999999999              1.3999999999999999
       0.60546875               0.2545180361431418              0.8754614411959882              0.2888872148322349              0.7222180370805873              1.3999999999999999              1.3999999999999999
       0.61328125               0.1682360930430510              0.3669495397600267              0.1594934901593595              0.3987337253983989              1.3999999999999999              1.3999999999999999
       0.62109375               0.1257587940050251              0.0066519974630552              0.1008820671956877              0.2522051679892194              1.3999999999999999              1.3999999999999999
       0.62890625               0.1250057961360593              0.0000492020775389              0.1000065089188629              0.2500162722971572              1.3999999999999999              1.3999999999999999
       0.63671875               0.1250000404141085              0.0000003422262153              0.1000000452722774              0.2500001131806935              1.3999999999999999              1.3999999999999999
       0.64453125               0.1250000002460550              0.0000000020832241              0.1000000002755846              0.2500000006889617              1.3999999999999999              1.3999999999999999
       0.65234375               0.1250000000013441              0.0000000000113795              0.1000000000015054              0.2500000000037635              1.3999999999999999              1.3999999999999999
       0.66015625               0.1250000000000051              0.0000000000000436              0.1000000000000058              0.2500000000000144              1.3999999999999999              1.3999999999999999
       0.66796875               0.1250000000000000              0.0000000000000000              0.1000000000000000              0.2500000000000001              1.3999999999999999              1.3999999999999999
       0.67578125               0.1250000000000000              0.0000000000000000              0.1000000000000000              0.2500000000000001              1.3999999999999999              1.3999999999999999
       0.68359375               0.1250000000000000              0.0000000000000000              0.1000000000000000              0.2500000000000001              1.3999999999999999              1.3999999999999999
       0.69140625               0.1250000000000000              0.0000000000000000              0.1000000000000000              0.2500000000000001              1.3999999999999999              1.3999999999999999
       0.69921875               0.1250000000000000              0.0000000000000000              0.1000000000000000              0.2500000000000001              1.3999999999999999              1.3999999999999999
       0.70703125               0.1250000000000000              0.0000000000000000              0.1000000000000000              0.2500000000000001              1.3999999999999999              1.3999999999999999
       0.71484375               0.1250000000000000              0.0000000000000000              0.1000000000000000              0.2500000000000001              1.3999999999999999              1.3999999999999999
       0.72265625               0.1250000000000000              0.0000000000000000              0.1000000000000000              0.2500000000000001              1.3999999999999999              1.3999999999999999
       0.73046875               0.1250000000000000              0.0000000000000000              0.1000000000000000              0.2500000000000001              1.3999999999999999              1.3999999999999999
       0.73828125               0.1250000000000000              0.0000000000000000              0.1000000000000000              0.2500000000000001              1.3999999999999999              1.3999999999999999
       0.74609375               0.1250000000000000              0.0000000000000000              0.1000000000000000              0.2500000000000001              1.3999999999999999              1.3999999999999999
       0.75390625               0.1250000000000000              0.0000000000000000              0.1000000000000000              0.2500000000000001              1.3999999999999999              1.3999999999999999
       0.76171875               0.1250000000000000              0.0000000000000000              0.1000000000000000              0.2500000000000001              1.3999999999999999              1.3999999999999999
       0.76953125               0.1250000000000000              0.0000000000000000              0.1000000000000000              0.2500000000000001              1.3999999999999999              1.3999999999999999
       0.77734375               0.1250000000000000              0.0000000000000000              0.1000000000000000              0.2500000000000001              1.3999999999999999              1.3999999999999999
       0.78515625               0.1250000000000000              0.0000000000000000              0.1000000000000000              0.2500000000000001              1.3999999999999999              1.3999999999999999
       0.79296875               0.1250000000000000              0.0000000000000000              0.1000000000000000              0.2500000000000001              1.3999999999999999              1.3999999999999999
       0.80078125               0.1250000000000000              0.0000000000000000              0.1000000000000000              0.2500000000000001              1.3999999999999999              1.3999999999999999
       0.80859375               0.1250000000000000              0.0000000000000000              0.1000000000000000              0.2500000000000001              1.3999999999999999              1.3999999999999999
       0.81640625               0.1250000000000000              0.0000000000000000              0.1000000000000000              0.2500000000000001              1.3999999999999999              1.3999999999999999
       0.82421875               0.1250000000000000              0.0000000000000000              0.1000000000000000              0.2500000000000001              1.3999999999999999              1.3999999999999999
       0.83203125               0.1250000000000000              0.0000000000000000              0.1000000000000000              0.2500000000000001              1.3999999999999999              1.3999999999999999
       0.83984375               0.1250000000000000              0.0000000000000000              0.1000000000000000              0.2500000000000001              1.3999999999999999              1.3999999999999999
       0.84765625               0.1250000000000000              0.0000000000000000              0.1000000000000000              0.2500000000000001              1.3999999999999999              1.3999999999999999
       0.85546875               0.1250000000000000              0.0000000000000000              0.1000000000000000              0.2500000000000001              1.3999999999999999              1.3999999999999999
       0.86328125               0.1250000000000000              0.0000000000000000              0.1000000000000000              0.2500000000000001              1.3999999999999999              1.3999999999999999
       0.87109375               0.1250000000000000              0.0000000000000000              0.1000000000000000              0.2500000000000001              1.3999999999999999              1.3999999999999999
       0.87890625               0.1250000000000000              0.0000000000000000              0.1000000000000000              0.2500000000000001              1.3999999999999999              1.3999999999999999
       0.88671875               0.1250000000000000              0.0000000000000000              0.1000000000000000              0.2500000000000001              1.3999999999999999              1.3999999999999999
       0.89453125               0.1250000000000000              0.0000000000000000              0.1000000000000000              0.2500000000000001              1.3999999999999999              1.3999999999999999
       0.90234375               0.1250000000000000              0.0000000000000000              0.1000000000000000              0.2500000000000001              1.3999999999999999              1.3999999999999999
       0.91015625               0.1250000000000000              0.0000000000000000              0.1000000000000000              0.2500000000000001              1.3999999999999999              1.3999999999999999
       0.91796875               0.1250000000000000              0.0000000000000000              0.1000000000000000              0.2500000000000001              1.3999999999999999              1.3999999999999999
       0.92578125               0.1250000000000000              0.0000000000000000              0.1000000000000000              0.2500000000000001              1.3999999999999999              1.3999999999999999
       0.93359375               0.1250000000000000              0.0000000000000000              0.1000000000000000              0.2500000000000001              1.3999999999999999              1.3999999999999999
       0.94140625               0.1250000000000000              0.0000000000000000              0.1000000000000000              0.2500000000000001              1.3999999999999999              1.3999999999999999
       0.94921875               0.1250000000000000              0.0000000000000000              0.1000000000000000              0.2500000000000001              1.3999999999999999              1.3999999999999999
       0.95703125               0.1250000000000000              0.0000000000000000              0.1000000000000000              0.2500000000000001              1.3999999999999999              1.3999999999999999
       0.96484375               0.1250000000000000              0.0000000000000000              0.1000000000000000              0.2500000000000001              1.3999999999999999              1.3999999999999999
       0.97265625               0.1250000000000000              0.0000000000000000              0.1000000000000000              0.2500000000000001              1.3999999999999999              1.3999999999999999
       0.98046875               0.1250000000000000              0.0000000000000000              0.1000000000000000              0.2500000000000001              1.3999999999999999              1.3999999999999999
       0.98828125               0.1250000000000000              0.0000000000000000              0.1000000000000000              0.2500000000000001              1.3999999999999999              1.3999999999999999
       0.99609375               0.1250000000000000              0.0000000000000000              0.1000000000000000              0.2500000000000001              1.3999999999999999              1.3999999999999999
