       0.00390625               1.0000000000000000              0.0000000000000000              1.0000000000000000              2.5000000000000004              1.3999999999999999              1.3999999999999999
       0.01171875               1.0000000000000000              0.0000000000000000              1.0000000000000000              2.5000000000000004              1.3999999999999999              1.3999999999999999
       0.01953125               1.0000000000000000              0.0000000000000000              1.0000000000000000              2.5000000000000004              1.3999999999999999              1.3999999999999999
       0.02734375               1.0000000000000000              0.0000000000000000              1.0000000000000000              2.5000000000000004              1.3999999999999999              1.3999999999999999
       0.03515625               1.0000000000000000              0.0000000000000000              1.0000000000000000              2.5000000000000004              1.3999999999999999              1.3999999999999999
       0.04296875               1.0000000000000000              0.0000000000000000              1.0000000000000000              2.5000000000000004              1.3999999999999999              1.3999999999999999
       0.05078125               1.0000000000000000              0.0000000000000000              1.0000000000000000              2.5000000000000004              1.3999999999999999              1.3999999999999999
       0.05859375               1.0000000000000000              0.0000000000000000              1.0000000000000000              2.5000000000000004              1.3999999999999999              1.3999999999999999
       0.06640625               1.0000000000000000              0.0000000000000000              1.0000000000000000              2.5000000000000004              1.3999999999999999              1.3999999999999999
       0.07421875               1.0000000000000000              0.0000000000000000              1.0000000000000000              2.5000000000000004              1.3999999999999999              1.3999999999999999
       0.08203125               1.0000000000000000              0.0000000000000000              1.0000000000000000              2.5000000000000004              1.3999999999999999              1.3999999999999999
       0.08984375               1.0000000000000000              0.0000000000000000              1.0000000000000000              2.5000000000000004              1.3999999999999999              1.3999999999999999
       0.09765625               1.0000000000000000              0.0000000000000000              1.0000000000000000              2.5000000000000004              1.3999999999999999              1.3999999999999999
       0.10546875               1.0000000000000000              0.0000000000000000              1.0000000000000000              2.5000000000000004              1.3999999999999999              1.3999999999999999
       0.11328125               1.0000000000000000              0.0000000000000000              1.0000000000000000              2.5000000000000004              1.3999999999999999              1.3999999999999999
       0.12109375               1.0000000000000000              0.0000000000000000              1.0000000000000000              2.5000000000000004              1.3999999999999999              1.3999999999999999
       0.12890625               1.0000000000000000              0.0000000000000000              1.0000000000000000              2.5000000000000004              1.3999999999999999              1.3999999999999999
       0.13671875               1.0000000000000000              0.0000000000000000              1.0000000000000000              2.5000000000000004              1.3999999999999999              1.3999999999999999
       0.14453125               1.0000000000000000              0.0000000000000000              1.0000000000000000              2.5000000000000004              1.3999999999999999              1.3999999999999999
       0.15234375               1.0000000000000000              0.0000000000000000              1.0000000000000000              2.5000000000000004              1.3999999999999999              1.3999999999999999
       0.16015625               1.0000000000000000              0.0000000000000000              1.0000000000000000              2.5000000000000004              1.3999999999999999              1.3999999999999999
       0.16796875               1.0000000000000000              0.0000000000000000              1.0000000000000000              2.5000000000000004              1.3999999999999999              1.3999999999999999
       0.17578125               1.0000000000000000              0.0000000000000000              1.0000000000000000              2.5000000000000004              1.3999999999999999              1.3999999999999999
       0.18359375               1.0000000000000000              0.0000000000000000              1.0000000000000000              2.5000000000000004              1.3999999999999999              1.3999999999999999
       0.19140625               1.0000000000000000              0.0000000000000000              1.0000000000000000              2.5000000000000004              1.3999999999999999              1.3999999999999999
       0.19921875               1.0000000000000000              0.0000000000000000              1.0000000000000000              2.5000000000000004              1.3999999999999999              1.3999999999999999
       0.20703125               1.0000000000000000              0.0000000000000000              1.0000000000000000              2.5000000000000004              1.3999999999999999              1.3999999999999999
       0.21484375               1.0000000000000000              0.0000000000000000              1.0000000000000000              2.5000000000000004              1.3999999999999999              1.3999999999999999
       0.22265625               1.0000000000000000              0.0000000000000000              1.0000000000000000              2.5000000000000004              1.3999999999999999              1.3999999999999999
       0.23046875               1.0000000000000000              0.0000000000000000              1.0000000000000000              2.5000000000000004              1.3999999999999999              1.3999999999999999
       0.23828125               1.0000000000000000              0.0000000000000000              1.0000000000000000              2.5000000000000004              1.3999999999999999              1.3999999999999999
       0.24609375               1.0000000000000000              0.0000000000000000              1.0000000000000000              2.5000000000000004              1.3999999999999999              1.3999999999999999
       0.25390625               1.0000000000000000              0.0000000000000000              1.0000000000000000              2.5000000000000004              1.3999999999999999              1.3999999999999999
       0.26171875               1.0000000000000000              0.0000000000000000              1.0000000000000000              2.5000000000000004              1.3999999999999999              1.3999999999999999
       0.26953125               1.0000000000000000              0.0000000000000000              1.0000000000000000              2.5000000000000004              1.3999999999999999              1.3999999999999999
       0.27734375               1.0000000000000000              0.0000000000000000              1.0000000000000000              2.5000000000000004              1.3999999999999999              1.3999999999999999
       0.28515625               1.0000000000000000              0.0000000000000000              1.0000000000000000              2.5000000000000004              1.3999999999999999              1.3999999999999999
       0.29296875               1.0000000000000000              0.0000000000000000              1.0000000000000000              2.5000000000000004              1.3999999999999999              1.3999999999999999
       0.30078125               1.0000000000000000              0.0000000000000000              1.0000000000000000              2.5000000000000004              1.3999999999999999              1.3999999999999999
       0.30859375               1.0000000000000000              0.0000000000000000              1.0000000000000000              2.5000000000000004              1.3999999999999999              1.3999999999999999
       0.31640625               1.0000000000000000              0.0000000000000000              1.0000000000000000              2.5000000000000004              1.3999999999999999              1.3999999999999999
       0.32421875               1.0000000000000000              0.0000000000000000              1.0000000000000000              2.5000000000000004              1.3999999999999999              1.3999999999999999
       0.33203125               0.9999999999999996              0.0000000000000005              0.9999999999999996              2.4999999999999991              1.3999999999999999              1.3999999999999999
       0.33984375               0.9999999999999537              0.0000000000000549              0.9999999999999352              2.4999999999998384              1.3999999999999999              1.3999999999999999
       0.34765625               0.9999999999974144              0.0000000000030591              0.9999999999963803              2.4999999999909512              1.3999999999999999              1.3999999999999999
       0.35546875               0.9999999999092992              0.0000000001073187              0.9999999998730189              2.4999999996825477              1.3999999999999999              1.3999999999999999
       0.36328125               0.9999999977543889              0.0000000026570429              0.9999999968561445              2.4999999921403617              1.3999999999999999              1.3999999999999999
       0.37109375               0.9999999583020812              0.0000000493376428              0.9999999416229147              2.4999998540572874              1.3999999999999999              1.3999999999999999
       0.37890625               0.9999993974804261              0.0000007129108091              0.9999991564728117              2.4999978911820300              1.3999999999999999              1.3999999999999999
       0.38671875               0.9999930597074781              0.0000082118730101              0.9999902836164442              2.4999757090411108              1.3999999999999999              1.3999999999999999
       0.39453125               0.9999352098061455              0.0000766617851168              0.9999092957850897              2.4997732394627250              1.3999999999999999              1.3999999999999999
       0.40234375               0.9995029449086684              0.0005881968515111              0.9993042330429313              2.4982605826073288              1.3999999999999999              1.3999999999999999
       0.41015625               0.9967911643936649              0.0038002809085462              0.9955118680425441              2.4887796701063607              1.3999999999999999              1.3999999999999999
       0.41796875               0.9832169562633424              0.0199739825155900              0.9766076167704364              2.4415190419260915              1.3999999999999999              1.3999999999999999
       0.42578125               0.9480830115783644              0.0625707469193101              0.9281720692676156              2.3204301731690395              1.3999999999999999              1.3999999999999999
       0.43359375               0.8916636707354384              0.1339315520120961              0.8518216392768375              2.1295540981920942              1.3999999999999999              1.3999999999999999
       0.44140625               0.8215909413302380              0.2278654957731083              0.7598305610171445              1.8995764025428616              1.3999999999999999              1.3999999999999999
       0.44921875               0.7493918230412018              0.3331761403121987              0.6661010169118956              1.6652525422797393              1.3999999999999999              1.3999999999999999
       0.45703125               0.6768826612364234              0.4383578751751219              0.5839398374548810              1.4598495936372027              1.3999999999999999              1.3999999999999999
       0.46484375               0.6287435360251045              0.5366629271389770              0.5137637104118126              1.2844092760295316              1.3999999999999999              1.3999999999999999
       0.47265625               0.5682400343578482              0.6282801119775899              0.4554141012864780              1.1385352532161952              1.3999999999999999              1.3999999999999999
       0.48046875               0.5192347118977528              0.7119214975942137              0.4078129408021192              1.0195323520052981              1.3999999999999999              1.3999999999999999
       0.48828125               0.4942718414536965              0.7857462420447513              0.3692786386155950              0.9231965965389877              1.3999999999999999              1.3999999999999999
       0.49609375               0.4747755744187429              0.8490882669765855              0.3381580612297250              0.8453951530743129              1.3999999999999999              1.3999999999999999
       0.50390625               0.4334852335687060              0.9002788427879891              0.3145283667369199              0.7863209168422999              1.3999999999999999              1.3999999999999999
       0.51171875               0.4132018388914991              0.9282366046567468              0.3024381287528857              0.7560953218822144              1.3999999999999999              1.3999999999999999
       0.51953125               0.4158632079215878              0.9295111583139913              0.3021427530490188              0.7553568826225472              1.3999999999999999              1.3999999999999999
       0.52734375               0.4344434519196280              0.9277120339664418              0.3030863844452437              0.7577159611131093              1.3999999999999999              1.3999999999999999
       0.53515625               0.4484842272567268              0.9286938218594181              0.3029559593461240              0.7573898983653100              1.3999999999999999              1.3999999999999999
       0.54296875               0.4465166080779043              0.9289017334792873              0.3036193665702661              0.7590484164256652              1.3999999999999999              1.3999999999999999
       0.55078125               0.4101420928063832              0.9307519742105779              0.3039360828179366              0.7598402070448418              1.3999999999999999              1.3999999999999999
       0.55859375               0.3258311839768793              0.9318193851197396              0.3043414416943844              0.7608536042359614              1.3999999999999999              1.3999999999999999
       0.56640625               0.2723765657319179              0.9339391175984384              0.3038707283761961              0.7596768209404904              1.3999999999999999              1.3999999999999999
       0.57421875               0.2595625846214965              0.9302200297261177              0.3040462065000918              0.7601155162502299              1.3999999999999999              1.3999999999999999
       0.58203125               0.2570087492475285              0.9236769862725719              0.3007329818736091              0.7518324546840229              1.3999999999999999              1.3999999999999999
       0.58984375               0.2568345095099710              0.9137223990727884              0.2973836653113263              0.7434591632783160              1.3999999999999999              1.3999999999999999
       0.59765625               0.2607655423631944              0.9086749217811367              0.2984362301629007              0.7460905754072519              1.3999999999999999              1.3999999999999999
       0.60546875               0.2610438852157236              0.9159001422446494              0.2966430546040146              0.7416076365100367              1.3999999999999999              1.3999999999999999
       0.61328125               0.2210768720574459              0.6908282258581989              0.2333679598365882              0.5834198995914707              1.3999999999999999              1.3999999999999999
       0.62109375               0.1309962941575857              0.0519723533719858              0.1070094003672318              0.2675235009180795              1.3999999999999999              1.3999999999999999
       0.62890625               0.1250502891085901              0.0004258467511503              0.1000563413686245              0.2501408534215612              1.3999999999999999              1.3999999999999999
       0.63671875               0.1250003664043091              0.0000031021311856              0.1000004103737590              0.2500010259343974              1.3999999999999999              1.3999999999999999
       0.64453125               0.1250000025484156              0.0000000215759169              0.1000000028542255              0.2500000071355639              1.3999999999999999              1.3999999999999999
       0.65234375               0.1250000000167422              0.0000000001417460              0.1000000000187512              0.2500000000468781              1.3999999999999999              1.3999999999999999
       0.66015625               0.1250000000000920              0.0000000000007785              0.1000000000001030              0.2500000000002576              1.3999999999999999              1.3999999999999999
       0.66796875               0.1250000000000003              0.0000000000000027              0.1000000000000004              0.2500000000000009              1.3999999999999999              1.3999999999999999
       0.67578125               0.1250000000000000              0.0000000000000000              0.1000000000000000              0.2500000000000001              1.3999999999999999              1.3999999999999999
       0.68359375               0.1250000000000000              0.0000000000000000              0.1000000000000000              0.2500000000000001              1.3999999999999999              1.3999999999999999
       0.69140625               0.1250000000000000              0.0000000000000000              0.1000000000000000              0.2500000000000001              1.3999999999999999              1.3999999999999999
       0.69921875               0.1250000000000000              0.0000000000000000              0.1000000000000000              0.2500000000000001              1.3999999999999999              1.3999999999999999
       0.70703125               0.1250000000000000              0.0000000000000000              0.1000000000000000              0.2500000000000001              1.3999999999999999              1.3999999999999999
       0.71484375               0.1250000000000000              0.0000000000000000              0.1000000000000000              0.2500000000000001              1.3999999999999999              1.3999999999999999
       0.72265625               0.1250000000000000              0.0000000000000000              0.1000000000000000              0.2500000000000001              1.3999999999999999              1.3999999999999999
       0.73046875               0.1250000000000000              0.0000000000000000              0.1000000000000000              0.2500000000000001              1.3999999999999999              1.3999999999999999
       0.73828125               0.1250000000000000              0.0000000000000000              0.1000000000000000              0.2500000000000001              1.3999999999999999              1.3999999999999999
       0.74609375               0.1250000000000000              0.0000000000000000              0.1000000000000000              0.2500000000000001              1.3999999999999999              1.3999999999999999
       0.75390625               0.1250000000000000              0.0000000000000000              0.1000000000000000              0.2500000000000001              1.3999999999999999              1.3999999999999999
       0.76171875               0.1250000000000000              0.0000000000000000              0.1000000000000000              0.2500000000000001              1.3999999999999999              1.3999999999999999
       0.76953125               0.1250000000000000              0.0000000000000000              0.1000000000000000              0.2500000000000001              1.3999999999999999              1.3999999999999999
       0.77734375               0.1250000000000000              0.0000000000000000              0.1000000000000000              0.2500000000000001              1.3999999999999999              1.3999999999999999
       0.78515625               0.1250000000000000              0.0000000000000000              0.1000000000000000              0.2500000000000001              1.3999999999999999              1.3999999999999999
       0.79296875               0.1250000000000000              0.0000000000000000              0.1000000000000000              0.2500000000000001              1.3999999999999999              1.3999999999999999
       0.80078125               0.1250000000000000              0.0000000000000000              0.1000000000000000              0.2500000000000001              1.3999999999999999              1.3999999999999999
       0.80859375               0.1250000000000000              0.0000000000000000              0.1000000000000000              0.2500000000000001              1.3999999999999999              1.3999999999999999
       0.81640625               0.1250000000000000              0.0000000000000000              0.1000000000000000              0.2500000000000001              1.3999999999999999              1.3999999999999999
       0.82421875               0.1250000000000000              0.0000000000000000              0.1000000000000000              0.2500000000000001              1.3999999999999999              1.3999999999999999
       0.83203125               0.1250000000000000              0.0000000000000000              0.1000000000000000              0.2500000000000001              1.3999999999999999              1.3999999999999999
       0.83984375               0.1250000000000000              0.0000000000000000              0.1000000000000000              0.2500000000000001              1.3999999999999999              1.3999999999999999
       0.84765625               0.1250000000000000              0.0000000000000000              0.1000000000000000              0.2500000000000001              1.3999999999999999              1.3999999999999999
       0.85546875               0.1250000000000000              0.0000000000000000              0.1000000000000000              0.2500000000000001              1.3999999999999999              1.3999999999999999
       0.86328125               0.1250000000000000              0.0000000000000000              0.1000000000000000              0.2500000000000001              1.3999999999999999              1.3999999999999999
       0.87109375               0.1250000000000000              0.0000000000000000              0.1000000000000000              0.2500000000000001              1.3999999999999999              1.3999999999999999
       0.87890625               0.1250000000000000              0.0000000000000000              0.1000000000000000              0.2500000000000001              1.3999999999999999              1.3999999999999999
       0.88671875               0.1250000000000000              0.0000000000000000              0.1000000000000000              0.2500000000000001              1.3999999999999999              1.3999999999999999
       0.89453125               0.1250000000000000              0.0000000000000000              0.1000000000000000              0.2500000000000001              1.3999999999999999              1.3999999999999999
       0.90234375               0.1250000000000000              0.0000000000000000              0.1000000000000000              0.2500000000000001              1.3999999999999999              1.3999999999999999
       0.91015625               0.1250000000000000              0.0000000000000000              0.1000000000000000              0.2500000000000001              1.3999999999999999              1.3999999999999999
       0.91796875               0.1250000000000000              0.0000000000000000              0.1000000000000000              0.2500000000000001              1.3999999999999999              1.3999999999999999
       0.92578125               0.1250000000000000              0.0000000000000000              0.1000000000000000              0.2500000000000001              1.3999999999999999              1.3999999999999999
       0.93359375               0.1250000000000000              0.0000000000000000              0.1000000000000000              0.2500000000000001              1.3999999999999999              1.3999999999999999
       0.94140625               0.1250000000000000              0.0000000000000000              0.1000000000000000              0.2500000000000001              1.3999999999999999              1.3999999999999999
       0.94921875               0.1250000000000000              0.0000000000000000              0.1000000000000000              0.2500000000000001              1.3999999999999999              1.3999999999999999
       0.95703125               0.1250000000000000              0.0000000000000000              0.1000000000000000              0.2500000000000001              1.3999999999999999              1.3999999999999999
       0.96484375               0.1250000000000000              0.0000000000000000              0.1000000000000000              0.2500000000000001              1.3999999999999999              1.3999999999999999
       0.97265625               0.1250000000000000              0.0000000000000000              0.1000000000000000              0.2500000000000001              1.3999999999999999              1.3999999999999999
       0.98046875               0.1250000000000000              0.0000000000000000              0.1000000000000000              0.2500000000000001              1.3999999999999999              1.3999999999999999
       0.98828125               0.1250000000000000              0.0000000000000000              0.1000000000000000              0.2500000000000001              1.3999999999999999              1.3999999999999999
       0.99609375               0.1250000000000000              0.0000000000000000              0.1000000000000000              0.2500000000000001              1.3999999999999999              1.3999999999999999
