       0.00390625               1.0000000000000000              0.0000000000000000              1.0000000000000000              2.5000000000000004              1.3999999999999999              1.3999999999999999
       0.01171875               1.0000000000000000              0.0000000000000000              1.0000000000000000              2.5000000000000004              1.3999999999999999              1.3999999999999999
       0.01953125               1.0000000000000000              0.0000000000000000              1.0000000000000000              2.5000000000000004              1.3999999999999999              1.3999999999999999
       0.02734375               1.0000000000000000              0.0000000000000000              1.0000000000000000              2.5000000000000004              1.3999999999999999              1.3999999999999999
       0.03515625               1.0000000000000000              0.0000000000000000              1.0000000000000000              2.5000000000000004              1.3999999999999999              1.3999999999999999
       0.04296875               1.0000000000000000              0.0000000000000000              1.0000000000000000              2.5000000000000004              1.3999999999999999              1.3999999999999999
       0.05078125               1.0000000000000000              0.0000000000000000              1.0000000000000000              2.5000000000000004              1.3999999999999999              1.3999999999999999
       0.05859375               1.0000000000000000              0.0000000000000000              1.0000000000000000              2.5000000000000004              1.3999999999999999              1.3999999999999999
       0.06640625               1.0000000000000000              0.0000000000000000              1.0000000000000000              2.5000000000000004              1.3999999999999999              1.3999999999999999
       0.07421875               1.0000000000000000              0.0000000000000000              1.0000000000000000              2.5000000000000004              1.3999999999999999              1.3999999999999999
       0.08203125               1.0000000000000000              0.0000000000000000              1.0000000000000000              2.5000000000000004              1.3999999999999999              1.3999999999999999
       0.08984375               1.0000000000000000              0.0000000000000000              1.0000000000000000              2.5000000000000004              1.3999999999999999              1.3999999999999999
       0.09765625               1.0000000000000000              0.0000000000000000              1.0000000000000000              2.5000000000000004              1.3999999999999999              1.3999999999999999
       0.10546875               1.0000000000000000              0.0000000000000000              1.0000000000000000              2.5000000000000004              1.3999999999999999              1.3999999999999999
       0.11328125               1.0000000000000000              0.0000000000000000              1.0000000000000000              2.5000000000000004              1.3999999999999999              1.3999999999999999
       0.12109375               1.0000000000000000              0.0000000000000000              1.0000000000000000              2.5000000000000004              1.3999999999999999              1.3999999999999999
       0.12890625               0.9999999999999999              0.0000000000000002              0.9999999999999998              2.5000000000000000              1.3999999999999999              1.3999999999999999
       0.13671875               0.9999999999999962              0.0000000000000044              0.9999999999999946              2.4999999999999871              1.3999999999999999              1.3999999999999999
       0.14453125               0.9999999999999261              0.0000000000000875              0.9999999999998965              2.4999999999997420              1.3999999999999999              1.3999999999999999
       0.15234375               0.9999999999989380              0.0000000000012565              0.9999999999985132              2.4999999999962834              1.3999999999999999              1.3999999999999999
       0.16015625               0.9999999999880569              0.0000000000141313              0.9999999999832797              2.4999999999581997              1.3999999999999999              1.3999999999999999
       0.16796875               0.9999999998905688              0.0000000001294807              0.9999999998467964              2.4999999996169917              1.3999999999999999              1.3999999999999999
       0.17578125               0.9999999991601204              0.0000000009937589              0.9999999988241687              2.4999999970604221              1.3999999999999999              1.3999999999999999
       0.18359375               0.9999999944909496              0.0000000065183964              0.9999999922873293              2.4999999807183237              1.3999999999999999              1.3999999999999999
       0.19140625               0.9999999686435559              0.0000000371014441              0.9999999561009797              2.4999998902524498              1.3999999999999999              1.3999999999999999
       0.19921875               0.9999998432818145              0.0000001854314389              0.9999997805945791              2.4999994514864481              1.3999999999999999              1.3999999999999999
       0.20703125               0.9999993056692097              0.0000008215430024              0.9999990279375465              2.4999975698438668              1.3999999999999999              1.3999999999999999
       0.21484375               0.9999972520478980              0.0000032514178660              0.9999961528758690              2.4999903821896732              1.3999999999999999              1.3999999999999999
       0.22265625               0.9999902230713850              0.0000115681943664              0.9999863123970971              2.4999657809927434              1.3999999999999999              1.3999999999999999
       0.23046875               0.9999685625475258              0.0000371971644978              0.9999559884499599              2.4998899711249005              1.3999999999999999              1.3999999999999999
       0.23828125               0.9999082313874008              0.0001085817745879              0.9998715306186273              2.4996788265465693              1.3999999999999999              1.3999999999999999
       0.24609375               0.9997558635541186              0.0002888687227992              0.9996582512070460              2.4991456280176152              1.3999999999999999              1.3999999999999999
       0.25390625               0.9994060043205004              0.0007028645285048              0.9991686311483615              2.4979215778709043              1.3999999999999999              1.3999999999999999
       0.26171875               0.9986738245454299              0.0015694500802413              0.9981443722268037              2.4953609305670099              1.3999999999999999              1.3999999999999999
       0.26953125               0.9972735789802272              0.0032275704157443              0.9961869437790869              2.4904673594477176              1.3999999999999999              1.3999999999999999
       0.27734375               0.9948186663155743              0.0061376243558834              0.9927592288865200              2.4818980722163002              1.3999999999999999              1.3999999999999999
       0.28515625               0.9908565988340884              0.0108433113774649              0.9872371710107324              2.4680929275268317              1.3999999999999999              1.3999999999999999
       0.29296875               0.9849379887955553              0.0178953284447383              0.9790098068527590              2.4475245171318978              1.3999999999999999              1.3999999999999999
       0.30078125               0.9766993542211472              0.0277597018791509              0.9675981317064908              2.4189953292662278              1.3999999999999999              1.3999999999999999
       0.30859375               0.9659293974525581              0.0407439987335819              0.9527486295418861              2.3818715738547156              1.3999999999999999              1.3999999999999999
       0.31640625               0.9525962011186816              0.0569654117335497              0.9344689306651734              2.3361723266629340              1.3999999999999999              1.3999999999999999
       0.32421875               0.9368323691708527              0.0763634722239239              0.9130019489915893              2.2825048724789734              1.3999999999999999              1.3999999999999999
       0.33203125               0.9188920513338216              0.0987425556465877              0.8887596634830935              2.2218991587077341              1.3999999999999999              1.3999999999999999
       0.33984375               0.8990991476874887              0.1238241508845437              0.8622453186660325              2.1556132966650816              1.3999999999999999              1.3999999999999999
       0.34765625               0.8778014331963490              0.1512937684045304              0.8339857299136818              2.0849643247842051              1.3999999999999999              1.3999999999999999
       0.35546875               0.8553374364264684              0.1808354453073990              0.8044834358215737              2.0112085895539349              1.3999999999999999              1.3999999999999999
       0.36328125               0.8320166148789638              0.2121531288870488              0.7741890531383612              1.9354726328459035              1.3999999999999999              1.3999999999999999
       0.37109375               0.8081101667621845              0.2449814255552714              0.7434895127003350              1.8587237817508380              1.3999999999999999              1.3999999999999999
       0.37890625               0.7838490333912820              0.2790890158222059              0.7127068168738437              1.7817670421846097              1.3999999999999999              1.3999999999999999
       0.38671875               0.7594261093294855              0.3142776214945699              0.6821027669475317              1.7052569173688299              1.3999999999999999              1.3999999999999999
       0.39453125               0.7350005253424438              0.3503786100975307              0.6518864537455414              1.6297161343638542              1.3999999999999999              1.3999999999999999
       0.40234375               0.7107026651397008              0.3872485563704268              0.6222225347978458              1.5555563369946148              1.3999999999999999              1.3999999999999999
       0.41015625               0.6866391757484095              0.4247644920915501              0.5932392296679152              1.4830980741697886              1.3999999999999999              1.3999999999999999
       0.41796875               0.6628976318631444              0.4628191651852233              0.5650355592215861              1.4125888980539656              1.3999999999999999              1.3999999999999999
       0.42578125               0.6395507657302012              0.5013163477177386              0.5376877144297724              1.3442192860744313              1.3999999999999999              1.3999999999999999
       0.43359375               0.6166603325401403              0.5401660183928891              0.5112546521128837              1.2781366302822097              1.3999999999999999              1.3999999999999999
       0.44140625               0.5942807979560546              0.5792790328556774              0.4857831521380937              1.2144578803452346              1.3999999999999999              1.3999999999999999
       0.44921875               0.5724631579266448              0.6185606034073814              0.4613126958326533              1.1532817395816335              1.3999999999999999              1.3999999999999999
       0.45703125               0.5512593913510546              0.6579014099642106              0.4378807065600305              1.0947017664000764              1.3999999999999999              1.3999999999999999
       0.46484375               0.5307284041039184              0.6971642085422742              0.4155290337768344              1.0388225844420864              1.3999999999999999              1.3999999999999999
       0.47265625               0.5109450535692965              0.7361618612765601              0.3943132643624525              0.9857831609061314              1.3999999999999999              1.3999999999999999
       0.48046875               0.4920154044863850              0.7746185792320841              0.3743179592924203              0.9357948982310511              1.3999999999999999              1.3999999999999999
       0.48828125               0.4741048121152353              0.8120970667970381              0.3556842745238337              0.8892106863095844              1.3999999999999999              1.3999999999999999
       0.49609375               0.4574930317163819              0.8478541503493476              0.3386638838004731              0.8466597095011827              1.3999999999999999              1.3999999999999999
       0.50390625               0.4426854140718384              0.8805479987834662              0.3237278230543829              0.8093195576359575              1.3999999999999999              1.3999999999999999
       0.51171875               0.4306181744177346              0.9076948270526913              0.3117681966309894              0.7794204915774738              1.3999999999999999              1.3999999999999999
       0.51953125               0.4228204094409975              0.9252194584527291              0.3042591542038394              0.7606478855095985              1.3999999999999999              1.3999999999999999
       0.52734375               0.4202180648276689              0.9304024029159681              0.3020776741841557              0.7551941854603893              1.3999999999999999              1.3999999999999999
       0.53515625               0.4197729350581476              0.9302176766571416              0.3021680139946001              0.7554200349865005              1.3999999999999999              1.3999999999999999
       0.54296875               0.4193198110190409              0.9297201391745479              0.3023914465393782              0.7559786163484455              1.3999999999999999              1.3999999999999999
       0.55078125               0.4186018374756930              0.9293612579988436              0.3025578002979214              0.7563945007448036              1.3999999999999999              1.3999999999999999
       0.55859375               0.4175126930734926              0.9291210076896729              0.3026756760290564              0.7566891900726411              1.3999999999999999              1.3999999999999999
       0.56640625               0.4158841718900568              0.9289517522920853              0.3027653335972068              0.7569133339930171              1.3999999999999999              1.3999999999999999
       0.57421875               0.4134415754485461              0.9288256881287923              0.3028386687557162              0.7570966718892908              1.3999999999999999              1.3999999999999999
       0.58203125               0.4098013544075891              0.9287294968143509              0.3029014580533269              0.7572536451333174              1.3999999999999999              1.3999999999999999
       0.58984375               0.4045146546389488              0.9286556952029965              0.3029569929081654              0.7573924822704137              1.3999999999999999              1.3999999999999999
       0.59765625               0.3971670951446200              0.9285994566591386              0.3030074089994400              0.7575185224986001              1.3999999999999999              1.3999999999999999
       0.60546875               0.3875188423212126              0.9285580410366076              0.3030539314231525              0.7576348285578816              1.3999999999999999              1.3999999999999999
       0.61328125               0.3756331580931325              0.9285301025302931              0.3030971868195478              0.7577429670488697              1.3999999999999999              1.3999999999999999
       0.62109375               0.3619304027082234              0.9285146325474846              0.3031376682049370              0.7578441705123427              1.3999999999999999              1.3999999999999999
       0.62890625               0.3471348592013693              0.9285105111139481              0.3031759369398441              0.7579398423496102              1.3999999999999999              1.3999999999999999
       0.63671875               0.3321342849410182              0.9285167574285427              0.3032125339508245              0.7580313348770614              1.3999999999999999              1.3999999999999999
       0.64453125               0.3178087273551499              0.9285328258833191              0.3032478730429101              0.7581196826072755              1.3999999999999999              1.3999999999999999
       0.65234375               0.3048858966673574              0.9285584553052723              0.3032822960136339              0.7582057400340850              1.3999999999999999              1.3999999999999999
       0.66015625               0.2938550859368193              0.9285933013185017              0.3033161801669263              0.7582904504173159              1.3999999999999999              1.3999999999999999
       0.66796875               0.2849429726153073              0.9286367753873098              0.3033499384437442              0.7583748461093608              1.3999999999999999              1.3999999999999999
       0.67578125               0.2781374758436406              0.9286881390124810              0.3033839009738533              0.7584597524346334              1.3999999999999999              1.3999999999999999
       0.68359375               0.2732414618064029              0.9287465055001959              0.3034181671834896              0.7585454179587241              1.3999999999999999              1.3999999999999999
       0.69140625               0.2699402609547041              0.9288101619004225              0.3034524093477835              0.7586310233694590              1.3999999999999999              1.3999999999999999
       0.69921875               0.2678696708229318              0.9288735979575692              0.3034850008303069              0.7587125020757675              1.3999999999999999              1.3999999999999999
       0.70703125               0.2666717834612408              0.9289133089720744              0.3035083359025692              0.7587708397564232              1.3999999999999999              1.3999999999999999
       0.71484375               0.2660208865458232              0.9288159674698496              0.3034846174683833              0.7587115436709584              1.3999999999999999              1.3999999999999999
       0.72265625               0.2655685642718548              0.9280216992071455              0.3032260246387348              0.7580650615968372              1.3999999999999999              1.3999999999999999
       0.73046875               0.2645968974430102              0.9238609985041327              0.3018393777111114              0.7545984442777788              1.3999999999999999              1.3999999999999999
       0.73828125               0.2606566679277796              0.9049695081982982              0.2955866214582934              0.7389665536457337              1.3999999999999999              1.3999999999999999
       0.74609375               0.2465314588005702              0.8347562433298232              0.2733041948964802              0.6832604872412007              1.3999999999999999              1.3999999999999999
       0.75390625               0.2120288185767695              0.6457920952500027              0.2204480026027498              0.5511200065068746              1.3999999999999999              1.3999999999999999
       0.76171875               0.1637669898440886              0.3242621870132507              0.1505825992662535              0.3764564981656339              1.3999999999999999              1.3999999999999999
       0.76953125               0.1335749132919194              0.0751476839620353              0.1102879920977566              0.2757199802443916              1.3999999999999999              1.3999999999999999
       0.77734375               0.1261337245811926              0.0097212020788855              0.1012910732403730              0.2532276831009326              1.3999999999999999              1.3999999999999999
       0.78515625               0.1251266382685730              0.0010747866750729              0.1001422402645733              0.2503556006614333              1.3999999999999999              1.3999999999999999
       0.79296875               0.1250134676886424              0.0001140658388514              0.1000150901511927              0.2500377253779817              1.3999999999999999              1.3999999999999999
       0.80078125               0.1250013804910206              0.0000116884101491              0.1000015462381694              0.2500038655954235              1.3999999999999999              1.3999999999999999
       0.80859375               0.1250001350124198              0.0000011430776562              0.1000001512150250              0.2500003780375625              1.3999999999999999              1.3999999999999999
       0.81640625               0.1250000123983984              0.0000001049699451              0.1000000138862190              0.2500000347155477              1.3999999999999999              1.3999999999999999
       0.82421875               0.1250000010484873              0.0000000088769180              0.1000000011743059              0.2500000029357648              1.3999999999999999              1.3999999999999999
       0.83203125               0.1250000000797997              0.0000000006756162              0.1000000000893757              0.2500000002234392              1.3999999999999999              1.3999999999999999
       0.83984375               0.1250000000053180              0.0000000000450244              0.1000000000059562              0.2500000000148905              1.3999999999999999              1.3999999999999999
       0.84765625               0.1250000000002998              0.0000000000025385              0.1000000000003358              0.2500000000008396              1.3999999999999999              1.3999999999999999
       0.85546875               0.1250000000000137              0.0000000000001157              0.1000000000000153              0.2500000000000383              1.3999999999999999              1.3999999999999999
       0.86328125               0.1250000000000005              0.0000000000000040              0.1000000000000005              0.2500000000000014              1.3999999999999999              1.3999999999999999
       0.87109375               0.1250000000000000              0.0000000000000000              0.1000000000000000              0.2500000000000001              1.3999999999999999              1.3999999999999999
       0.87890625               0.1250000000000000              0.0000000000000000              0.1000000000000000              0.2500000000000001              1.3999999999999999              1.3999999999999999
       0.88671875               0.1250000000000000              0.0000000000000000              0.1000000000000000              0.2500000000000001              1.3999999999999999              1.3999999999999999
       0.89453125               0.1250000000000000              0.0000000000000000              0.1000000000000000              0.2500000000000001              1.3999999999999999              1.3999999999999999
       0.90234375               0.1250000000000000              0.0000000000000000              0.1000000000000000              0.2500000000000001              1.3999999999999999              1.3999999999999999
       0.91015625               0.1250000000000000              0.0000000000000000              0.1000000000000000              0.2500000000000001              1.3999999999999999              1.3999999999999999
       0.91796875               0.1250000000000000              0.0000000000000000              0.1000000000000000              0.2500000000000001              1.3999999999999999              1.3999999999999999
       0.92578125               0.1250000000000000              0.0000000000000000              0.1000000000000000              0.2500000000000001              1.3999999999999999              1.3999999999999999
       0.93359375               0.1250000000000000              0.0000000000000000              0.1000000000000000              0.2500000000000001              1.3999999999999999              1.3999999999999999
       0.94140625               0.1250000000000000              0.0000000000000000              0.1000000000000000              0.2500000000000001              1.3999999999999999              1.3999999999999999
       0.94921875               0.1250000000000000              0.0000000000000000              0.1000000000000000              0.2500000000000001              1.3999999999999999              1.3999999999999999
       0.95703125               0.1250000000000000              0.0000000000000000              0.1000000000000000              0.2500000000000001              1.3999999999999999              1.3999999999999999
       0.96484375               0.1250000000000000              0.0000000000000000              0.1000000000000000              0.2500000000000001              1.3999999999999999              1.3999999999999999
       0.97265625               0.1250000000000000              0.0000000000000000              0.1000000000000000              0.2500000000000001              1.3999999999999999              1.3999999999999999
       0.98046875               0.1250000000000000              0.0000000000000000              0.1000000000000000              0.2500000000000001              1.3999999999999999              1.3999999999999999
       0.98828125               0.1250000000000000              0.0000000000000000              0.1000000000000000              0.2500000000000001              1.3999999999999999              1.3999999999999999
       0.99609375               0.1250000000000000              0.0000000000000000              0.1000000000000000              0.2500000000000001              1.3999999999999999              1.3999999999999999
