       0.00390625               1.0000000000000000              0.0000000000000000              1.0000000000000000              2.5000000000000004              1.3999999999999999              1.3999999999999999
       0.01171875               1.0000000000000000              0.0000000000000000              1.0000000000000000              2.5000000000000004              1.3999999999999999              1.3999999999999999
       0.01953125               1.0000000000000000              0.0000000000000000              1.0000000000000000              2.5000000000000004              1.3999999999999999              1.3999999999999999
       0.02734375               1.0000000000000000              0.0000000000000000              1.0000000000000000              2.5000000000000004              1.3999999999999999              1.3999999999999999
       0.03515625               1.0000000000000000              0.0000000000000000              1.0000000000000000              2.5000000000000004              1.3999999999999999              1.3999999999999999
       0.04296875               1.0000000000000000              0.0000000000000000              1.0000000000000000              2.5000000000000004              1.3999999999999999              1.3999999999999999
       0.05078125               1.0000000000000000              0.0000000000000000              1.0000000000000000              2.5000000000000004              1.3999999999999999              1.3999999999999999
       0.05859375               1.0000000000000000              0.0000000000000000              1.0000000000000000              2.5000000000000004              1.3999999999999999              1.3999999999999999
       0.06640625               1.0000000000000000              0.0000000000000000              1.0000000000000000              2.5000000000000004              1.3999999999999999              1.3999999999999999
       0.07421875               1.0000000000000000              0.0000000000000000              1.0000000000000000              2.5000000000000004              1.3999999999999999              1.3999999999999999
       0.08203125               1.0000000000000000              0.0000000000000000              1.0000000000000000              2.5000000000000004              1.3999999999999999              1.3999999999999999
       0.08984375               1.0000000000000000              0.0000000000000000              1.0000000000000000              2.5000000000000004              1.3999999999999999              1.3999999999999999
       0.09765625               1.0000000000000000              0.0000000000000000              1.0000000000000000              2.5000000000000004              1.3999999999999999              1.3999999999999999
       0.10546875               1.0000000000000000              0.0000000000000000              1.0000000000000000              2.5000000000000004              1.3999999999999999              1.3999999999999999
       0.11328125               1.0000000000000000              0.0000000000000000              1.0000000000000000              2.5000000000000004              1.3999999999999999              1.3999999999999999
       0.12109375               1.0000000000000000              0.0000000000000000              1.0000000000000000              2.5000000000000004              1.3999999999999999              1.3999999999999999
       0.12890625               1.0000000000000000              0.0000000000000000              1.0000000000000000              2.5000000000000004              1.3999999999999999              1.3999999999999999
       0.13671875               1.0000000000000000              0.0000000000000000              1.0000000000000000              2.5000000000000004              1.3999999999999999              1.3999999999999999
       0.14453125               1.0000000000000000              0.0000000000000000              1.0000000000000000              2.5000000000000004              1.3999999999999999              1.3999999999999999
       0.15234375               1.0000000000000000              0.0000000000000000              1.0000000000000000              2.5000000000000004              1.3999999999999999              1.3999999999999999
       0.16015625               0.9999999999999994              0.0000000000000006              0.9999999999999992              2.4999999999999987              1.3999999999999999              1.3999999999999999
       0.16796875               0.9999999999999927              0.0000000000000087              0.9999999999999898              2.4999999999999751              1.3999999999999999              1.3999999999999999
       0.17578125               0.9999999999999123              0.0000000000001039              0.9999999999998771              2.4999999999996931              1.3999999999999999              1.3999999999999999
       0.18359375               0.9999999999990756              0.0000000000010937              0.9999999999987057              2.4999999999967648              1.3999999999999999              1.3999999999999999
       0.19140625               0.9999999999914062              0.0000000000101685              0.9999999999879682              2.4999999999699209              1.3999999999999999              1.3999999999999999
       0.19921875               0.9999999999289587              0.0000000000840565              0.9999999999005429              2.4999999997513576              1.3999999999999999              1.3999999999999999
       0.20703125               0.9999999994748643              0.0000000006213494              0.9999999992648094              2.4999999981620245              1.3999999999999999              1.3999999999999999
       0.21484375               0.9999999965125920              0.0000000041263573              0.9999999951176282              2.4999999877940708              1.3999999999999999              1.3999999999999999
       0.22265625               0.9999999791167399              0.0000000247094067              0.9999999707634358              2.4999999269085902              1.3999999999999999              1.3999999999999999
       0.23046875               0.9999998869160576              0.0000001338027273              0.9999998416824871              2.4999996042062187              1.3999999999999999              1.3999999999999999
       0.23828125               0.9999994450709900              0.0000006566009313              0.9999992230995354              2.4999980577488388              1.3999999999999999              1.3999999999999999
       0.24609375               0.9999975286055113              0.0000029241949764              0.9999965400505731              2.4999913501264333              1.3999999999999999              1.3999999999999999
       0.25390625               0.9999900030348248              0.0000118285973404              0.9999860042934433              2.4999650107336091              1.3999999999999999              1.3999999999999999
       0.26171875               0.9999632640906831              0.0000434669361347              0.9999485703033829              2.4998714257584580              1.3999999999999999              1.3999999999999999
       0.26953125               0.9998774230932898              0.0001450400274326              0.9998283984585594              2.4995709961463990              1.3999999999999999              1.3999999999999999
       0.27734375               0.9996290095054409              0.0004390116328938              0.9994806668953101              2.4987016672382758              1.3999999999999999              1.3999999999999999
       0.28515625               0.9989830399911246              0.0012036802360676              0.9985766404542599              2.4964416011356501              1.3999999999999999              1.3999999999999999
       0.29296875               0.9974791167178917              0.0029853190314815              0.9964730210833614              2.4911825527084042              1.3999999999999999              1.3999999999999999
       0.30078125               0.9943546965847128              0.0066930950214897              0.9921074184889144              2.4802685462222867              1.3999999999999999              1.3999999999999999
       0.30859375               0.9885728967829828              0.0135781427398533              0.9840447643296396              2.4601119108240996              1.3999999999999999              1.3999999999999999
       0.31640625               0.9790312698727848              0.0250103088291531              0.9707827814663345              2.4269569536658366              1.3999999999999999              1.3999999999999999
       0.32421875               0.9649134286959888              0.0420903791337060              0.9512575471087222              2.3781438677718061              1.3999999999999999              1.3999999999999999
       0.33203125               0.9459991623338744              0.0652922761084153              0.9252782984103101              2.3131957460257757              1.3999999999999999              1.3999999999999999
       0.33984375               0.9227360202023592              0.0943484644907660              0.8936075643777684              2.2340189109444215              1.3999999999999999              1.3999999999999999
       0.34765625               0.8960385661750956              0.1284309472148381              0.8576483766457776              2.1441209416144447              1.3999999999999999              1.3999999999999999
       0.35546875               0.8669551624005993              0.1665007111878875              0.8189548710883272              2.0473871777208186              1.3999999999999999              1.3999999999999999
       0.36328125               0.8363569887718852              0.2076739809919916              0.7787984275439552              1.9469960688598884              1.3999999999999999              1.3999999999999999
       0.37109375               0.8049495366793259              0.2511722916028325              0.7381664809959106              1.8454162024897769              1.3999999999999999              1.3999999999999999
       0.37890625               0.7738533530665177              0.2954321340210468              0.6985194410123126              1.7462986025307818              1.3999999999999999              1.3999999999999999
       0.38671875               0.7438712488780997              0.3396671815905437              0.6609306379676466              1.6523265949191168              1.3999999999999999              1.3999999999999999
       0.39453125               0.7150726034532839              0.3835210976529795              0.6253922031279679              1.5634805078199201              1.3999999999999999              1.3999999999999999
       0.40234375               0.6874271930969308              0.4269848847721783              0.5918018426823378              1.4795046067058446              1.3999999999999999              1.3999999999999999
       0.41015625               0.6608663335939627              0.4700538675876744              0.5600538014727685              1.4001345036819217              1.3999999999999999              1.3999999999999999
       0.41796875               0.6354123098643907              0.5127229101486355              0.5300480109279400              1.3251200273198500              1.3999999999999999              1.3999999999999999
       0.42578125               0.6108330722171403              0.5549918285205034              0.5017017201276249              1.2542543003190627              1.3999999999999999              1.3999999999999999
       0.43359375               0.5875577763056632              0.5968282936678775              0.4749253064918014              1.1873132662295038              1.3999999999999999              1.3999999999999999
       0.44140625               0.5648978464621668              0.6382086564601549              0.4496581096839095              1.1241452742097739              1.3999999999999999              1.3999999999999999
       0.44921875               0.5432504109360968              0.6790837646088257              0.4258485722119086              1.0646214305297717              1.3999999999999999              1.3999999999999999
       0.45703125               0.5229030932415829              0.7193585725410154              0.4034497715532342              1.0086244288830859              1.3999999999999999              1.3999999999999999
       0.46484375               0.5034487626746563              0.7588909778338491              0.3824456640322796              0.9561141600806990              1.3999999999999999              1.3999999999999999
       0.47265625               0.4846362842999271              0.7974320488401071              0.3628832204900900              0.9072080512252252              1.3999999999999999              1.3999999999999999
       0.48046875               0.4669847228360201              0.8344825716530213              0.3449087569453860              0.8622718923634651              1.3999999999999999              1.3999999999999999
       0.48828125               0.4513987195904171              0.8690091535349689              0.3288620079928732              0.8221550199821831              1.3999999999999999              1.3999999999999999
       0.49609375               0.4390794691707240              0.8989479274388946              0.3154615301068210              0.7886538252670526              1.3999999999999999              1.3999999999999999
       0.50390625               0.4298236412662498              0.9207089396113475              0.3060096947677441              0.7650242369193603              1.3999999999999999              1.3999999999999999
       0.51171875               0.4246409253892950              0.9305584180334968              0.3018079766142672              0.7545199415356681              1.3999999999999999              1.3999999999999999
       0.51953125               0.4238220752308401              0.9309114998898533              0.3016552181602717              0.7541380454006795              1.3999999999999999              1.3999999999999999
       0.52734375               0.4243765725547799              0.9292243812280527              0.3023692093345705              0.7559230233364262              1.3999999999999999              1.3999999999999999
       0.53515625               0.4252678491819321              0.9287959330833228              0.3025549923476450              0.7563874808691129              1.3999999999999999              1.3999999999999999
       0.54296875               0.4262636306811151              0.9285947947104001              0.3026501732916281              0.7566254332290704              1.3999999999999999              1.3999999999999999
       0.55078125               0.4263929043598750              0.9285490277147113              0.3026853419594489              0.7567133548986225              1.3999999999999999              1.3999999999999999
       0.55859375               0.4258742075819286              0.9282267717175109              0.3028419099669689              0.7571047749174222              1.3999999999999999              1.3999999999999999
       0.56640625               0.4240813852315018              0.9281658908907283              0.3028873391301082              0.7572183478252706              1.3999999999999999              1.3999999999999999
       0.57421875               0.4231230525770187              0.9279383345175134              0.3030015996594948              0.7575039991487372              1.3999999999999999              1.3999999999999999
       0.58203125               0.4233206086538987              0.9278937312653897              0.3030215267773820              0.7575538169434552              1.3999999999999999              1.3999999999999999
       0.58984375               0.4250369495576832              0.9279085273393856              0.3030052495685591              0.7575131239213978              1.3999999999999999              1.3999999999999999
       0.59765625               0.4265584485021376              0.9278881755288879              0.3029858823427474              0.7574647058568685              1.3999999999999999              1.3999999999999999
       0.60546875               0.4259371888354129              0.9277426661719104              0.3030138770123446              0.7575346925308617              1.3999999999999999              1.3999999999999999
       0.61328125               0.4207511491837824              0.9276357907692415              0.3030232842577237              0.7575582106443095              1.3999999999999999              1.3999999999999999
       0.62109375               0.4055712135762254              0.9272392528405098              0.3031609349178552              0.7579023372946382              1.3999999999999999              1.3999999999999999
       0.62890625               0.3746844206232500              0.9270854017260193              0.3032188407393530              0.7580471018483825              1.3999999999999999              1.3999999999999999
       0.63671875               0.3284991015627614              0.9271520318857820              0.3032025052268104              0.7580062630670262              1.3999999999999999              1.3999999999999999
       0.64453125               0.2931599932430227              0.9272846365784713              0.3031772094861658              0.7579430237154149              1.3999999999999999              1.3999999999999999
       0.65234375               0.2748448309070871              0.9274903536623319              0.3031466057484823              0.7578665143712061              1.3999999999999999              1.3999999999999999
       0.66015625               0.2670799216600174              0.9275117466146736              0.3031881335527734              0.7579703338819335              1.3999999999999999              1.3999999999999999
       0.66796875               0.2645506553462385              0.9277207171273287              0.3031692277986347              0.7579230694965869              1.3999999999999999              1.3999999999999999
       0.67578125               0.2641708495301467              0.9278799536094433              0.3032075163176411              0.7580187907941028              1.3999999999999999              1.3999999999999999
       0.68359375               0.2645308161499437              0.9271874593910919              0.3035552163114043              0.7588880407785109              1.3999999999999999              1.3999999999999999
       0.69140625               0.2651947584094178              0.9275891546591976              0.3035530116938175              0.7588825292345439              1.3999999999999999              1.3999999999999999
       0.69921875               0.2656249795231340              0.9280993045455352              0.3035543317985617              0.7588858294964044              1.3999999999999999              1.3999999999999999
       0.70703125               0.2660415708490700              0.9279436345982907              0.3037422868624613              0.7593557171561535              1.3999999999999999              1.3999999999999999
       0.71484375               0.2657446208468649              0.9299649797747003              0.3031125710305455              0.7577814275763639              1.3999999999999999              1.3999999999999999
       0.72265625               0.2662334327357918              0.9276735124899093              0.3038135889557624              0.7595339723894062              1.3999999999999999              1.3999999999999999
       0.73046875               0.2660645794326975              0.9278128790619947              0.3035068554922167              0.7587671387305419              1.3999999999999999              1.3999999999999999
       0.73828125               0.2653168938027716              0.9292246443874491              0.3023067660214723              0.7557669150536808              1.3999999999999999              1.3999999999999999
       0.74609375               0.2652606327130915              0.9177338548861022              0.3021934737164031              0.7554836842910081              1.3999999999999999              1.3999999999999999
       0.75390625               0.2500520975809868              0.8515894470059946              0.2783043356467862              0.6957608391169657              1.3999999999999999              1.3999999999999999
       0.76171875               0.1714955025702473              0.3822706102618321              0.1612280359867890              0.4030700899669726              1.3999999999999999              1.3999999999999999
       0.76953125               0.1281645232778969              0.0269957084569152              0.1036078589795252              0.2590196474488132              1.3999999999999999              1.3999999999999999
       0.77734375               0.1251199059903031              0.0010154732041289              0.1001343817800527              0.2503359544501317              1.3999999999999999              1.3999999999999999
       0.78515625               0.1250043282506572              0.0000366451099489              0.1000048477538185              0.2500121193845463              1.3999999999999999              1.3999999999999999
       0.79296875               0.1250001565525818              0.0000013254379472              0.1000001753390396              0.2500004383475992              1.3999999999999999              1.3999999999999999
       0.80078125               0.1250000056344088              0.0000000477031832              0.1000000063105381              0.2500000157763452              1.3999999999999999              1.3999999999999999
       0.80859375               0.1250000002002181              0.0000000016951281              0.1000000002242444              0.2500000005606110              1.3999999999999999              1.3999999999999999
       0.81640625               0.1250000000069317              0.0000000000586870              0.1000000000077635              0.2500000000194089              1.3999999999999999              1.3999999999999999
       0.82421875               0.1250000000002324              0.0000000000019674              0.1000000000002603              0.2500000000006507              1.3999999999999999              1.3999999999999999
       0.83203125               0.1250000000000075              0.0000000000000632              0.1000000000000084              0.2500000000000210              1.3999999999999999              1.3999999999999999
       0.83984375               0.1250000000000002              0.0000000000000019              0.1000000000000003              0.2500000000000007              1.3999999999999999              1.3999999999999999
       0.84765625               0.1250000000000000              0.0000000000000000              0.1000000000000000              0.2500000000000001              1.3999999999999999              1.3999999999999999
       0.85546875               0.1250000000000000              0.0000000000000000              0.1000000000000000              0.2500000000000001              1.3999999999999999              1.3999999999999999
       0.86328125               0.1250000000000000              0.0000000000000000              0.1000000000000000              0.2500000000000001              1.3999999999999999              1.3999999999999999
       0.87109375               0.1250000000000000              0.0000000000000000              0.1000000000000000              0.2500000000000001              1.3999999999999999              1.3999999999999999
       0.87890625               0.1250000000000000              0.0000000000000000              0.1000000000000000              0.2500000000000001              1.3999999999999999              1.3999999999999999
       0.88671875               0.1250000000000000              0.0000000000000000              0.1000000000000000              0.2500000000000001              1.3999999999999999              1.3999999999999999
       0.89453125               0.1250000000000000              0.0000000000000000              0.1000000000000000              0.2500000000000001              1.3999999999999999              1.3999999999999999
       0.90234375               0.1250000000000000              0.0000000000000000              0.1000000000000000              0.2500000000000001              1.3999999999999999              1.3999999999999999
       0.91015625               0.1250000000000000              0.0000000000000000              0.1000000000000000              0.2500000000000001              1.3999999999999999              1.3999999999999999
       0.91796875               0.1250000000000000              0.0000000000000000              0.1000000000000000              0.2500000000000001              1.3999999999999999              1.3999999999999999
       0.92578125               0.1250000000000000              0.0000000000000000              0.1000000000000000              0.2500000000000001              1.3999999999999999              1.3999999999999999
       0.93359375               0.1250000000000000              0.0000000000000000              0.1000000000000000              0.2500000000000001              1.3999999999999999              1.3999999999999999
       0.94140625               0.1250000000000000              0.0000000000000000              0.1000000000000000              0.2500000000000001              1.3999999999999999              1.3999999999999999
       0.94921875               0.1250000000000000              0.0000000000000000              0.1000000000000000              0.2500000000000001              1.3999999999999999              1.3999999999999999
       0.95703125               0.1250000000000000              0.0000000000000000              0.1000000000000000              0.2500000000000001              1.3999999999999999              1.3999999999999999
       0.96484375               0.1250000000000000              0.0000000000000000              0.1000000000000000              0.2500000000000001              1.3999999999999999              1.3999999999999999
       0.97265625               0.1250000000000000              0.0000000000000000              0.1000000000000000              0.2500000000000001              1.3999999999999999              1.3999999999999999
       0.98046875               0.1250000000000000              0.0000000000000000              0.1000000000000000              0.2500000000000001              1.3999999999999999              1.3999999999999999
       0.98828125               0.1250000000000000              0.0000000000000000              0.1000000000000000              0.2500000000000001              1.3999999999999999              1.3999999999999999
       0.99609375               0.1250000000000000              0.0000000000000000              0.1000000000000000              0.2500000000000001              1.3999999999999999              1.3999999999999999
