       0.00390625               1.0000000000000000              0.0000000000000000              1.0000000000000000              2.5000000000000004              1.3999999999999999              1.3999999999999999
       0.01171875               1.0000000000000000              0.0000000000000000              1.0000000000000000              2.5000000000000004              1.3999999999999999              1.3999999999999999
       0.01953125               1.0000000000000000              0.0000000000000000              1.0000000000000000              2.5000000000000004              1.3999999999999999              1.3999999999999999
       0.02734375               1.0000000000000000              0.0000000000000000              1.0000000000000000              2.5000000000000004              1.3999999999999999              1.3999999999999999
       0.03515625               1.0000000000000000              0.0000000000000000              1.0000000000000000              2.5000000000000004              1.3999999999999999              1.3999999999999999
       0.04296875               1.0000000000000000              0.0000000000000000              1.0000000000000000              2.5000000000000004              1.3999999999999999              1.3999999999999999
       0.05078125               1.0000000000000000              0.0000000000000000              1.0000000000000000              2.5000000000000004              1.3999999999999999              1.3999999999999999
       0.05859375               1.0000000000000000              0.0000000000000000              1.0000000000000000              2.5000000000000004              1.3999999999999999              1.3999999999999999
       0.06640625               1.0000000000000000              0.0000000000000000              1.0000000000000000              2.5000000000000004              1.3999999999999999              1.3999999999999999
       0.07421875               1.0000000000000000              0.0000000000000000              1.0000000000000000              2.5000000000000004              1.3999999999999999              1.3999999999999999
       0.08203125               1.0000000000000000              0.0000000000000000              1.0000000000000000              2.5000000000000004              1.3999999999999999              1.3999999999999999
       0.08984375               1.0000000000000000              0.0000000000000000              1.0000000000000000              2.5000000000000004              1.3999999999999999              1.3999999999999999
       0.09765625               1.0000000000000000              0.0000000000000000              1.0000000000000000              2.5000000000000004              1.3999999999999999              1.3999999999999999
       0.10546875               1.0000000000000000              0.0000000000000000              1.0000000000000000              2.5000000000000004              1.3999999999999999              1.3999999999999999
       0.11328125               1.0000000000000000              0.0000000000000000              1.0000000000000000              2.5000000000000004              1.3999999999999999              1.3999999999999999
       0.12109375               1.0000000000000000              0.0000000000000000              1.0000000000000000              2.5000000000000004              1.3999999999999999              1.3999999999999999
       0.12890625               1.0000000000000000              0.0000000000000000              1.0000000000000000              2.5000000000000004              1.3999999999999999              1.3999999999999999
       0.13671875               1.0000000000000000              0.0000000000000000              1.0000000000000000              2.5000000000000004              1.3999999999999999              1.3999999999999999
       0.14453125               1.0000000000000000              0.0000000000000000              1.0000000000000000              2.5000000000000004              1.3999999999999999              1.3999999999999999
       0.15234375               1.0000000000000000              0.0000000000000000              1.0000000000000000              2.5000000000000004              1.3999999999999999              1.3999999999999999
       0.16015625               1.0000000000000000              0.0000000000000000              1.0000000000000000              2.5000000000000004              1.3999999999999999              1.3999999999999999
       0.16796875               1.0000000000000000              0.0000000000000000              1.0000000000000000              2.5000000000000004              1.3999999999999999              1.3999999999999999
       0.17578125               1.0000000000000000              0.0000000000000000              1.0000000000000000              2.5000000000000004              1.3999999999999999              1.3999999999999999
       0.18359375               1.0000000000000000              0.0000000000000000              1.0000000000000000              2.5000000000000004              1.3999999999999999              1.3999999999999999
       0.19140625               1.0000000000000000              0.0000000000000000              1.0000000000000000              2.5000000000000004              1.3999999999999999              1.3999999999999999
       0.19921875               1.0000000000000000              0.0000000000000000              1.0000000000000000              2.5000000000000004              1.3999999999999999              1.3999999999999999
       0.20703125               1.0000000000000000              0.0000000000000000              1.0000000000000000              2.5000000000000004              1.3999999999999999              1.3999999999999999
       0.21484375               1.0000000000000000              0.0000000000000000              1.0000000000000000              2.5000000000000004              1.3999999999999999              1.3999999999999999
       0.22265625               1.0000000000000000              0.0000000000000000              1.0000000000000000              2.5000000000000004              1.3999999999999999              1.3999999999999999
       0.23046875               1.0000000000000000              0.0000000000000000              1.0000000000000000              2.5000000000000004              1.3999999999999999              1.3999999999999999
       0.23828125               1.0000000000000000              0.0000000000000000              1.0000000000000000              2.5000000000000004              1.3999999999999999              1.3999999999999999
       0.24609375               1.0000000000000000              0.0000000000000000              1.0000000000000000              2.5000000000000004              1.3999999999999999              1.3999999999999999
       0.25390625               1.0000000000000000              0.0000000000000000              1.0000000000000000              2.5000000000000004              1.3999999999999999              1.3999999999999999
       0.26171875               1.0000000000000000              0.0000000000000000              1.0000000000000000              2.5000000000000004              1.3999999999999999              1.3999999999999999
       0.26953125               1.0000000000000000              0.0000000000000000              1.0000000000000000              2.5000000000000004              1.3999999999999999              1.3999999999999999
       0.27734375               1.0000000000000000              0.0000000000000000              1.0000000000000000              2.5000000000000004              1.3999999999999999              1.3999999999999999
       0.28515625               0.9999999999999922              0.0000000000000093              0.9999999999999891              2.4999999999999734              1.3999999999999999              1.3999999999999999
       0.29296875               0.9999999999994624              0.0000000000006360              0.9999999999992474              2.4999999999981193              1.3999999999999999              1.3999999999999999
       0.30078125               0.9999999999822532              0.0000000000209984              0.9999999999751545              2.4999999999378866              1.3999999999999999              1.3999999999999999
       0.30859375               0.9999999996265968              0.0000000004418167              0.9999999994772353              2.4999999986930890              1.3999999999999999              1.3999999999999999
       0.31640625               0.9999999943807802              0.0000000066487505              0.9999999921330921              2.4999999803327309              1.3999999999999999              1.3999999999999999
       0.32421875               0.9999999356653102              0.0000000761218258              0.9999999099314435              2.4999997748286091              1.3999999999999999              1.3999999999999999
       0.33203125               0.9999994181077505              0.0000006885039015              0.9999991853514334              2.4999979633785840              1.3999999999999999              1.3999999999999999
       0.33984375               0.9999957389869299              0.0000050416893091              0.9999940346059885              2.4999850865149718              1.3999999999999999              1.3999999999999999
       0.34765625               0.9999743227837103              0.0000303815212164              0.9999640526002707              2.4999101315006769              1.3999999999999999              1.3999999999999999
       0.35546875               0.9998712951412796              0.0001522845637265              0.9998198275471933              2.4995495688679839              1.3999999999999999              1.3999999999999999
       0.36328125               0.9994598476177630              0.0006391420055423              0.9992439951278952              2.4981099878197388              1.3999999999999999              1.3999999999999999
       0.37109375               0.9980947569305789              0.0022550576997300              0.9973348300204801              2.4933370750512007              1.3999999999999999              1.3999999999999999
       0.37890625               0.9943368303614828              0.0067102980880461              0.9920878753014080              2.4802196882535203              1.3999999999999999              1.3999999999999999
       0.38671875               0.9857563520619796              0.0169280195823540              0.9801485217337138              2.4503713043342850              1.3999999999999999              1.3999999999999999
       0.39453125               0.9694329882179739              0.0365602168042355              0.9575738440185686              2.3939346100464221              1.3999999999999999              1.3999999999999999
       0.40234375               0.9432252799741804              0.0686552306807542              0.9216763270769590              2.3041908176923980              1.3999999999999999              1.3999999999999999
       0.41015625               0.9069219968982097              0.1143572879164569              0.8726209263138809              2.1815523157847028              1.3999999999999999              1.3999999999999999
       0.41796875               0.8622555934770550              0.1727140210035782              0.8133008112972593              2.0332520282431488              1.3999999999999999              1.3999999999999999
       0.42578125               0.8119412070753054              0.2417895158264100              0.7475981107887718              1.8689952769719300              1.3999999999999999              1.3999999999999999
       0.43359375               0.7595075873307414              0.3169427189695882              0.6806593595435518              1.7016483988588802              1.3999999999999999              1.3999999999999999
       0.44140625               0.7105560405029115              0.3909478728749099              0.6200296728232104              1.5500741820580264              1.3999999999999999              1.3999999999999999
       0.44921875               0.6655166946435760              0.4626492660043216              0.5657516928059632              1.4143792320149082              1.3999999999999999              1.3999999999999999
       0.45703125               0.6240151027031823              0.5324837580257640              0.5170652769803543              1.2926631924508860              1.3999999999999999              1.3999999999999999
       0.46484375               0.5855643108024234              0.6003173699272865              0.4731348885079087              1.1828372212697720              1.3999999999999999              1.3999999999999999
       0.47265625               0.5500252921752344              0.6662479193730282              0.4335766778479468              1.0839416946198672              1.3999999999999999              1.3999999999999999
       0.48046875               0.5173352418897760              0.7299930825536310              0.3980804018394027              0.9952010045985069              1.3999999999999999              1.3999999999999999
       0.48828125               0.4876416416506041              0.7907816512488425              0.3665615656022800              0.9164039140057003              1.3999999999999999              1.3999999999999999
       0.49609375               0.4614681410472441              0.8469466340974305              0.3393658681075310              0.8484146702688277              1.3999999999999999              1.3999999999999999
       0.50390625               0.4399532190703987              0.8948573463915107              0.3175388318411723              0.7938470796029309              1.3999999999999999              1.3999999999999999
       0.51171875               0.4257080174842394              0.9278330053355515              0.3032133257671282              0.7580333144178208              1.3999999999999999              1.3999999999999999
       0.51953125               0.4211552734069167              0.9390943996311536              0.2984616483700196              0.7461541209250493              1.3999999999999999              1.3999999999999999
       0.52734375               0.4247024597687794              0.9311272272640606              0.3018302602294254              0.7545756505735637              1.3999999999999999              1.3999999999999999
       0.53515625               0.4245907092204216              0.9291769873124353              0.3026663107780320              0.7566657769450802              1.3999999999999999              1.3999999999999999
       0.54296875               0.4225484906587474              0.9291522349452747              0.3026685190307511              0.7566712975768780              1.3999999999999999              1.3999999999999999
       0.55078125               0.4165543749213781              0.9295102540955671              0.3025067971479869              0.7562669928699673              1.3999999999999999              1.3999999999999999
       0.55859375               0.4041990959910678              0.9292007481719174              0.3026325558498310              0.7565813896245777              1.3999999999999999              1.3999999999999999
       0.56640625               0.3826907986859188              0.9292106859360318              0.3026832611889799              0.7567081529724498              1.3999999999999999              1.3999999999999999
       0.57421875               0.3507072342256527              0.9291378621685142              0.3028395293890131              0.7570988234725330              1.3999999999999999              1.3999999999999999
       0.58203125               0.3131383671459352              0.9294100099426221              0.3029155889181189              0.7572889722952976              1.3999999999999999              1.3999999999999999
       0.58984375               0.2864346037583430              0.9290975348302621              0.3032032563613932              0.7580081409034832              1.3999999999999999              1.3999999999999999
       0.59765625               0.2705487121492652              0.9298219024654620              0.3030896122447946              0.7577240306119868              1.3999999999999999              1.3999999999999999
       0.60546875               0.2636230187474055              0.9295575802800130              0.3032844937746466              0.7582112344366165              1.3999999999999999              1.3999999999999999
       0.61328125               0.2619569539305629              0.9292645573653536              0.3036904190106062              0.7592260475265157              1.3999999999999999              1.3999999999999999
       0.62109375               0.2620152046434182              0.9319611426035126              0.3034233795263770              0.7585584488159427              1.3999999999999999              1.3999999999999999
       0.62890625               0.2642140596292133              0.9285595650585400              0.3045699217637248              0.7614248044093123              1.3999999999999999              1.3999999999999999
       0.63671875               0.2610995789439687              0.9123191149209117              0.2970759039043227              0.7426897597608069              1.3999999999999999              1.3999999999999999
       0.64453125               0.2254766510748020              0.7170892559989024              0.2409503213733745              0.6023758034334363              1.3999999999999999              1.3999999999999999
       0.65234375               0.1448145167155538              0.1758134690913901              0.1254809428070673              0.3137023570176684              1.3999999999999999              1.3999999999999999
       0.66015625               0.1259406692387321              0.0081053572375983              0.1010754969150024              0.2526887422875060              1.3999999999999999              1.3999999999999999
       0.66796875               0.1250313756376077              0.0002660081352307              0.1000351927376815              0.2500879818442038              1.3999999999999999              1.3999999999999999
       0.67578125               0.1250009756744890              0.0000082611445226              0.1000010928497019              0.2500027321242548              1.3999999999999999              1.3999999999999999
       0.68359375               0.1250000284739799              0.0000002410733090              0.1000000318910037              0.2500000797275094              1.3999999999999999              1.3999999999999999
       0.69140625               0.1250000007520011              0.0000000063667471              0.1000000008422415              0.2500000021056037              1.3999999999999999              1.3999999999999999
       0.69921875               0.1250000000166434              0.0000000001409100              0.1000000000186407              0.2500000000466017              1.3999999999999999              1.3999999999999999
       0.70703125               0.1250000000002695              0.0000000000022822              0.1000000000003019              0.2500000000007548              1.3999999999999999              1.3999999999999999
       0.71484375               0.1250000000000023              0.0000000000000197              0.1000000000000026              0.2500000000000066              1.3999999999999999              1.3999999999999999
       0.72265625               0.1250000000000000              0.0000000000000000              0.1000000000000000              0.2500000000000001              1.3999999999999999              1.3999999999999999
       0.73046875               0.1250000000000000              0.0000000000000000              0.1000000000000000              0.2500000000000001              1.3999999999999999              1.3999999999999999
       0.73828125               0.1250000000000000              0.0000000000000000              0.1000000000000000              0.2500000000000001              1.3999999999999999              1.3999999999999999
       0.74609375               0.1250000000000000              0.0000000000000000              0.1000000000000000              0.2500000000000001              1.3999999999999999              1.3999999999999999
       0.75390625               0.1250000000000000              0.0000000000000000              0.1000000000000000              0.2500000000000001              1.3999999999999999              1.3999999999999999
       0.76171875               0.1250000000000000              0.0000000000000000              0.1000000000000000              0.2500000000000001              1.3999999999999999              1.3999999999999999
       0.76953125               0.1250000000000000              0.0000000000000000              0.1000000000000000              0.2500000000000001              1.3999999999999999              1.3999999999999999
       0.77734375               0.1250000000000000              0.0000000000000000              0.1000000000000000              0.2500000000000001              1.3999999999999999              1.3999999999999999
       0.78515625               0.1250000000000000              0.0000000000000000              0.1000000000000000              0.2500000000000001              1.3999999999999999              1.3999999999999999
       0.79296875               0.1250000000000000              0.0000000000000000              0.1000000000000000              0.2500000000000001              1.3999999999999999              1.3999999999999999
       0.80078125               0.1250000000000000              0.0000000000000000              0.1000000000000000              0.2500000000000001              1.3999999999999999              1.3999999999999999
       0.80859375               0.1250000000000000              0.0000000000000000              0.1000000000000000              0.2500000000000001              1.3999999999999999              1.3999999999999999
       0.81640625               0.1250000000000000              0.0000000000000000              0.1000000000000000              0.2500000000000001              1.3999999999999999              1.3999999999999999
       0.82421875               0.1250000000000000              0.0000000000000000              0.1000000000000000              0.2500000000000001              1.3999999999999999              1.3999999999999999
       0.83203125               0.1250000000000000              0.0000000000000000              0.1000000000000000              0.2500000000000001              1.3999999999999999              1.3999999999999999
       0.83984375               0.1250000000000000              0.0000000000000000              0.1000000000000000              0.2500000000000001              1.3999999999999999              1.3999999999999999
       0.84765625               0.1250000000000000              0.0000000000000000              0.1000000000000000              0.2500000000000001              1.3999999999999999              1.3999999999999999
       0.85546875               0.1250000000000000              0.0000000000000000              0.1000000000000000              0.2500000000000001              1.3999999999999999              1.3999999999999999
       0.86328125               0.1250000000000000              0.0000000000000000              0.1000000000000000              0.2500000000000001              1.3999999999999999              1.3999999999999999
       0.87109375               0.1250000000000000              0.0000000000000000              0.1000000000000000              0.2500000000000001              1.3999999999999999              1.3999999999999999
       0.87890625               0.1250000000000000              0.0000000000000000              0.1000000000000000              0.2500000000000001              1.3999999999999999              1.3999999999999999
       0.88671875               0.1250000000000000              0.0000000000000000              0.1000000000000000              0.2500000000000001              1.3999999999999999              1.3999999999999999
       0.89453125               0.1250000000000000              0.0000000000000000              0.1000000000000000              0.2500000000000001              1.3999999999999999              1.3999999999999999
       0.90234375               0.1250000000000000              0.0000000000000000              0.1000000000000000              0.2500000000000001              1.3999999999999999              1.3999999999999999
       0.91015625               0.1250000000000000              0.0000000000000000              0.1000000000000000              0.2500000000000001              1.3999999999999999              1.3999999999999999
       0.91796875               0.1250000000000000              0.0000000000000000              0.1000000000000000              0.2500000000000001              1.3999999999999999              1.3999999999999999
       0.92578125               0.1250000000000000              0.0000000000000000              0.1000000000000000              0.2500000000000001              1.3999999999999999              1.3999999999999999
       0.93359375               0.1250000000000000              0.0000000000000000              0.1000000000000000              0.2500000000000001              1.3999999999999999              1.3999999999999999
       0.94140625               0.1250000000000000              0.0000000000000000              0.1000000000000000              0.2500000000000001              1.3999999999999999              1.3999999999999999
       0.94921875               0.1250000000000000              0.0000000000000000              0.1000000000000000              0.2500000000000001              1.3999999999999999              1.3999999999999999
       0.95703125               0.1250000000000000              0.0000000000000000              0.1000000000000000              0.2500000000000001              1.3999999999999999              1.3999999999999999
       0.96484375               0.1250000000000000              0.0000000000000000              0.1000000000000000              0.2500000000000001              1.3999999999999999              1.3999999999999999
       0.97265625               0.1250000000000000              0.0000000000000000              0.1000000000000000              0.2500000000000001              1.3999999999999999              1.3999999999999999
       0.98046875               0.1250000000000000              0.0000000000000000              0.1000000000000000              0.2500000000000001              1.3999999999999999              1.3999999999999999
       0.98828125               0.1250000000000000              0.0000000000000000              0.1000000000000000              0.2500000000000001              1.3999999999999999              1.3999999999999999
       0.99609375               0.1250000000000000              0.0000000000000000              0.1000000000000000              0.2500000000000001              1.3999999999999999              1.3999999999999999
