       0.00390625               1.0000000000000000              0.0000000000000000              1.0000000000000000              2.5000000000000004              1.3999999999999999              1.3999999999999999
       0.01171875               1.0000000000000000              0.0000000000000000              1.0000000000000000              2.5000000000000004              1.3999999999999999              1.3999999999999999
       0.01953125               1.0000000000000000              0.0000000000000000              1.0000000000000000              2.5000000000000004              1.3999999999999999              1.3999999999999999
       0.02734375               1.0000000000000000              0.0000000000000000              1.0000000000000000              2.5000000000000004              1.3999999999999999              1.3999999999999999
       0.03515625               1.0000000000000000              0.0000000000000000              1.0000000000000000              2.5000000000000004              1.3999999999999999              1.3999999999999999
       0.04296875               1.0000000000000000              0.0000000000000000              1.0000000000000000              2.5000000000000004              1.3999999999999999              1.3999999999999999
       0.05078125               1.0000000000000000              0.0000000000000000              1.0000000000000000              2.5000000000000004              1.3999999999999999              1.3999999999999999
       0.05859375               1.0000000000000000              0.0000000000000000              1.0000000000000000              2.5000000000000004              1.3999999999999999              1.3999999999999999
       0.06640625               1.0000000000000000              0.0000000000000000              1.0000000000000000              2.5000000000000004              1.3999999999999999              1.3999999999999999
       0.07421875               1.0000000000000000              0.0000000000000000              1.0000000000000000              2.5000000000000004              1.3999999999999999              1.3999999999999999
       0.08203125               1.0000000000000000              0.0000000000000000              1.0000000000000000              2.5000000000000004              1.3999999999999999              1.3999999999999999
       0.08984375               1.0000000000000000              0.0000000000000000              1.0000000000000000              2.5000000000000004              1.3999999999999999              1.3999999999999999
       0.09765625               1.0000000000000000              0.0000000000000000              1.0000000000000000              2.5000000000000004              1.3999999999999999              1.3999999999999999
       0.10546875               1.0000000000000000              0.0000000000000000              1.0000000000000000              2.5000000000000004              1.3999999999999999              1.3999999999999999
       0.11328125               1.0000000000000000              0.0000000000000000              1.0000000000000000              2.5000000000000004              1.3999999999999999              1.3999999999999999
       0.12109375               1.0000000000000000              0.0000000000000000              1.0000000000000000              2.5000000000000004              1.3999999999999999              1.3999999999999999
       0.12890625               1.0000000000000000              0.0000000000000000              1.0000000000000000              2.5000000000000004              1.3999999999999999              1.3999999999999999
       0.13671875               1.0000000000000000              0.0000000000000000              1.0000000000000000              2.5000000000000004              1.3999999999999999              1.3999999999999999
       0.14453125               1.0000000000000000              0.0000000000000000              1.0000000000000000              2.5000000000000004              1.3999999999999999              1.3999999999999999
       0.15234375               1.0000000000000000              0.0000000000000000              1.0000000000000000              2.5000000000000004              1.3999999999999999              1.3999999999999999
       0.16015625               1.0000000000000000              0.0000000000000000              1.0000000000000000              2.5000000000000004              1.3999999999999999              1.3999999999999999
       0.16796875               1.0000000000000000              0.0000000000000000              1.0000000000000000              2.5000000000000004              1.3999999999999999              1.3999999999999999
       0.17578125               1.0000000000000000              0.0000000000000000              1.0000000000000000              2.5000000000000004              1.3999999999999999              1.3999999999999999
       0.18359375               1.0000000000000000              0.0000000000000000              1.0000000000000000              2.5000000000000004              1.3999999999999999              1.3999999999999999
       0.19140625               1.0000000000000000              0.0000000000000000              1.0000000000000000              2.5000000000000004              1.3999999999999999              1.3999999999999999
       0.19921875               0.9999999999999998              0.0000000000000003              0.9999999999999996              2.4999999999999996              1.3999999999999999              1.3999999999999999
       0.20703125               0.9999999999999963              0.0000000000000042              0.9999999999999953              2.4999999999999885              1.3999999999999999              1.3999999999999999
       0.21484375               0.9999999999999520              0.0000000000000567              0.9999999999999329              2.4999999999998330              1.3999999999999999              1.3999999999999999
       0.22265625               0.9999999999993994              0.0000000000007106              0.9999999999991590              2.4999999999978981              1.3999999999999999              1.3999999999999999
       0.23046875               0.9999999999931495              0.0000000000081063              0.9999999999904089              2.4999999999760227              1.3999999999999999              1.3999999999999999
       0.23828125               0.9999999999288911              0.0000000000841372              0.9999999999004465              2.4999999997511173              1.3999999999999999              1.3999999999999999
       0.24609375               0.9999999993264647              0.0000000007969375              0.9999999990570504              2.4999999976426266              1.3999999999999999              1.3999999999999999
       0.25390625               0.9999999941631622              0.0000000069062397              0.9999999918284269              2.4999999795710677              1.3999999999999999              1.3999999999999999
       0.26171875               0.9999999535993954              0.0000000549019360              0.9999999350391563              2.4999998375978914              1.3999999999999999              1.3999999999999999
       0.26953125               0.9999996606497760              0.0000004015245824              0.9999995249098262              2.4999988122745660              1.3999999999999999              1.3999999999999999
       0.27734375               0.9999977086885540              0.0000027111161507              0.9999967921696712              2.4999919804241784              1.3999999999999999              1.3999999999999999
       0.28515625               0.9999856475243447              0.0000169820968025              0.9999799067349701              2.4999497668374255              1.3999999999999999              1.3999999999999999
       0.29296875               0.9999161028553261              0.0000992697362473              0.9998825502157228              2.4997063755393079              1.3999999999999999              1.3999999999999999
       0.30078125               0.9995392391563479              0.0005452381525475              0.9993551027029594              2.4983877567573991              1.3999999999999999              1.3999999999999999
       0.30859375               0.9975761857291440              0.0028702195084230              0.9966104960367301              2.4915262400918259              1.3999999999999999              1.3999999999999999
       0.31640625               0.9904035356503688              0.0114033136135452              0.9866045564664492              2.4665113911661236              1.3999999999999999              1.3999999999999999
       0.32421875               0.9752215062755480              0.0296341962289705              0.9655195799021595              2.4137989497553991              1.3999999999999999              1.3999999999999999
       0.33203125               0.9521250595583103              0.0578124812737348              0.9336952663096231              2.3342381657740585              1.3999999999999999              1.3999999999999999
       0.33984375               0.9234715538118498              0.0935487590800685              0.8946227591913029              2.2365568979782573              1.3999999999999999              1.3999999999999999
       0.34765625               0.8919397820531854              0.1339091323953741              0.8521651674240809              2.1304129185602028              1.3999999999999999              1.3999999999999999
       0.35546875               0.8593073778797826              0.1768980322537549              0.8088664437426003              2.0221661093565011              1.3999999999999999              1.3999999999999999
       0.36328125               0.8267954770072641              0.2210471774307147              0.7662758803625647              1.9156897009064122              1.3999999999999999              1.3999999999999999
       0.37109375               0.7947211168566918              0.2656947565993297              0.7252344845326928              1.8130862113317325              1.3999999999999999              1.3999999999999999
       0.37890625               0.7644520419865806              0.3101918778110166              0.6861987247430607              1.7154968118576521              1.3999999999999999              1.3999999999999999
       0.38671875               0.7337936110475456              0.3542598021182111              0.6493341032951097              1.6233352582377745              1.3999999999999999              1.3999999999999999
       0.39453125               0.7072964463084062              0.3977522600520343              0.6146193708083429              1.5365484270208578              1.3999999999999999              1.3999999999999999
       0.40234375               0.6783318039461608              0.4406012516375272              0.5819838247146485              1.4549595617866213              1.3999999999999999              1.3999999999999999
       0.41015625               0.6537267114101503              0.4826706606177792              0.5514147415215521              1.3785368538038805              1.3999999999999999              1.3999999999999999
       0.41796875               0.6300530029157597              0.5239232020633940              0.5227533764769987              1.3068834411924972              1.3999999999999999              1.3999999999999999
       0.42578125               0.6049848061840710              0.5642782308065386              0.4959792706493534              1.2399481766233840              1.3999999999999999              1.3999999999999999
       0.43359375               0.5837276776153056              0.6036828587513838              0.4710018024037723              1.1775045060094309              1.3999999999999999              1.3999999999999999
       0.44140625               0.5643109576135314              0.6421688555430984              0.4476198110990228              1.1190495277475572              1.3999999999999999              1.3999999999999999
       0.44921875               0.5432741520281483              0.6798279008195872              0.4257028239460147              1.0642570598650369              1.3999999999999999              1.3999999999999999
       0.45703125               0.5232190911454970              0.7168464095477488              0.4051029219199372              1.0127573047998433              1.3999999999999999              1.3999999999999999
       0.46484375               0.5062614857237218              0.7535136408007632              0.3855462585661248              0.9638656464153121              1.3999999999999999              1.3999999999999999
       0.47265625               0.4895117730079180              0.7901674844315688              0.3667880805574572              0.9169702013936432              1.3999999999999999              1.3999999999999999
       0.48046875               0.4716838336299662              0.8272294256373719              0.3486180308280800              0.8715450770702001              1.3999999999999999              1.3999999999999999
       0.48828125               0.4528452501041747              0.8648585949147971              0.3309724390384448              0.8274310975961123              1.3999999999999999              1.3999999999999999
       0.49609375               0.4362992634249474              0.9016726540174328              0.3145040005541191              0.7862600013852979              1.3999999999999999              1.3999999999999999
       0.50390625               0.4252720055517760              0.9325872219421476              0.3011312521757366              0.7528281304393416              1.3999999999999999              1.3999999999999999
       0.51171875               0.4206236569128730              0.9435473664895270              0.2964754910700865              0.7411887276752164              1.3999999999999999              1.3999999999999999
       0.51953125               0.4222909482014649              0.9384398028260941              0.2986120976209272              0.7465302440523180              1.3999999999999999              1.3999999999999999
       0.52734375               0.4243039372570007              0.9289151280410403              0.3026062286345827              0.7565155715864570              1.3999999999999999              1.3999999999999999
       0.53515625               0.4253920366320414              0.9284516560250461              0.3027866663471485              0.7569666658678713              1.3999999999999999              1.3999999999999999
       0.54296875               0.4263131975237441              0.9289743439277299              0.3025566026831024              0.7563915067077562              1.3999999999999999              1.3999999999999999
       0.55078125               0.4265284864154480              0.9292150157011602              0.3025031002063319              0.7562577505158300              1.3999999999999999              1.3999999999999999
       0.55859375               0.4261100683050563              0.9289718321803646              0.3026541590284273              0.7566353975710685              1.3999999999999999              1.3999999999999999
       0.56640625               0.4246163090254874              0.9293178475052317              0.3025562617460282              0.7563906543650707              1.3999999999999999              1.3999999999999999
       0.57421875               0.4245907457821425              0.9289255439707301              0.3027624071108849              0.7569060177772124              1.3999999999999999              1.3999999999999999
       0.58203125               0.4256167143916818              0.9287184450511522              0.3028733496893953              0.7571833742234885              1.3999999999999999              1.3999999999999999
       0.58984375               0.4275779134098915              0.9283042756141007              0.3030514120196505              0.7576285300491266              1.3999999999999999              1.3999999999999999
       0.59765625               0.4278301504378020              0.9282285693877507              0.3030493365534154              0.7576233413835387              1.3999999999999999              1.3999999999999999
       0.60546875               0.4273619173563590              0.9280352418418818              0.3030882244213300              0.7577205610533254              1.3999999999999999              1.3999999999999999
       0.61328125               0.4230150962807094              0.9280777009224089              0.3030489083613770              0.7576222709034426              1.3999999999999999              1.3999999999999999
       0.62109375               0.4079928996436656              0.9280276542233088              0.3030695947984188              0.7576739869960472              1.3999999999999999              1.3999999999999999
       0.62890625               0.3815555070265400              0.9278232270735066              0.3031828689722933              0.7579571724307335              1.3999999999999999              1.3999999999999999
       0.63671875               0.3444404479593060              0.9275081206977834              0.3033724801504501              0.7584312003761255              1.3999999999999999              1.3999999999999999
       0.64453125               0.3035326535165639              0.9276623743136279              0.3033806844457514              0.7584517111143787              1.3999999999999999              1.3999999999999999
       0.65234375               0.2754625709461566              0.9278194082232807              0.3034155650147335              0.7585389125368338              1.3999999999999999              1.3999999999999999
       0.66015625               0.2636015422621484              0.9279532906538557              0.3034687630814162              0.7586719077035405              1.3999999999999999              1.3999999999999999
       0.66796875               0.2608146650576585              0.9284061843614926              0.3033848273000598              0.7584620682501496              1.3999999999999999              1.3999999999999999
       0.67578125               0.2605889947792587              0.9285965200888815              0.3033848992235127              0.7584622480587819              1.3999999999999999              1.3999999999999999
       0.68359375               0.2611171007284247              0.9289647283789464              0.3033058608131956              0.7582646520329891              1.3999999999999999              1.3999999999999999
       0.69140625               0.2629702107760654              0.9289995079153290              0.3033094174360130              0.7582735435900326              1.3999999999999999              1.3999999999999999
       0.69921875               0.2653072638862440              0.9275120456827246              0.3037944272671527              0.7594860681678820              1.3999999999999999              1.3999999999999999
       0.70703125               0.2659135851357766              0.9283762411593515              0.3034749844587800              0.7586874611469501              1.3999999999999999              1.3999999999999999
       0.71484375               0.2662187970222558              0.9284179069302213              0.3034032552934544              0.7585081382336363              1.3999999999999999              1.3999999999999999
       0.72265625               0.2666260849064438              0.9269967031717481              0.3038665279006698              0.7596663197516746              1.3999999999999999              1.3999999999999999
       0.73046875               0.2657822517729720              0.9309354031973059              0.3026622861545616              0.7566557153864043              1.3999999999999999              1.3999999999999999
       0.73828125               0.2668349623969965              0.9263702131913648              0.3045983378523169              0.7614958446307925              1.3999999999999999              1.3999999999999999
       0.74609375               0.2650308221031553              0.9297563897168672              0.3021293366521970              0.7553233416304928              1.3999999999999999              1.3999999999999999
       0.75390625               0.2578691214244112              0.8803007395603668              0.2911376393006015              0.7278440982515039              1.3999999999999999              1.3999999999999999
       0.76171875               0.1749774350017441              0.4211697909663127              0.1706661157893338              0.4266652894733347              1.3999999999999999              1.3999999999999999
       0.76953125               0.1261379407796293              0.0100418145435757              0.1013334510733897              0.2533336276834742              1.3999999999999999              1.3999999999999999
       0.77734375               0.1250100659865650              0.0000854967570142              0.1000113104561699              0.2500282761404248              1.3999999999999999              1.3999999999999999
       0.78515625               0.1250000839102912              0.0000007105673694              0.1000000939992477              0.2500002349981194              1.3999999999999999              1.3999999999999999
       0.79296875               0.1250000006897234              0.0000000058395559              0.1000000007725006              0.2500000019312517              1.3999999999999999              1.3999999999999999
       0.80078125               0.1250000000056924              0.0000000000481939              0.1000000000063754              0.2500000000159386              1.3999999999999999              1.3999999999999999
       0.80859375               0.1250000000000476              0.0000000000004030              0.1000000000000533              0.2500000000001333              1.3999999999999999              1.3999999999999999
       0.81640625               0.1250000000000004              0.0000000000000033              0.1000000000000005              0.2500000000000012              1.3999999999999999              1.3999999999999999
       0.82421875               0.1250000000000000              0.0000000000000000              0.1000000000000000              0.2500000000000001              1.3999999999999999              1.3999999999999999
       0.83203125               0.1250000000000000              0.0000000000000000              0.1000000000000000              0.2500000000000001              1.3999999999999999              1.3999999999999999
       0.83984375               0.1250000000000000              0.0000000000000000              0.1000000000000000              0.2500000000000001              1.3999999999999999              1.3999999999999999
       0.84765625               0.1250000000000000              0.0000000000000000              0.1000000000000000              0.2500000000000001              1.3999999999999999              1.3999999999999999
       0.85546875               0.1250000000000000              0.0000000000000000              0.1000000000000000              0.2500000000000001              1.3999999999999999              1.3999999999999999
       0.86328125               0.1250000000000000              0.0000000000000000              0.1000000000000000              0.2500000000000001              1.3999999999999999              1.3999999999999999
       0.87109375               0.1250000000000000              0.0000000000000000              0.1000000000000000              0.2500000000000001              1.3999999999999999              1.3999999999999999
       0.87890625               0.1250000000000000              0.0000000000000000              0.1000000000000000              0.2500000000000001              1.3999999999999999              1.3999999999999999
       0.88671875               0.1250000000000000              0.0000000000000000              0.1000000000000000              0.2500000000000001              1.3999999999999999              1.3999999999999999
       0.89453125               0.1250000000000000              0.0000000000000000              0.1000000000000000              0.2500000000000001              1.3999999999999999              1.3999999999999999
       0.90234375               0.1250000000000000              0.0000000000000000              0.1000000000000000              0.2500000000000001              1.3999999999999999              1.3999999999999999
       0.91015625               0.1250000000000000              0.0000000000000000              0.1000000000000000              0.2500000000000001              1.3999999999999999              1.3999999999999999
       0.91796875               0.1250000000000000              0.0000000000000000              0.1000000000000000              0.2500000000000001              1.3999999999999999              1.3999999999999999
       0.92578125               0.1250000000000000              0.0000000000000000              0.1000000000000000              0.2500000000000001              1.3999999999999999              1.3999999999999999
       0.93359375               0.1250000000000000              0.0000000000000000              0.1000000000000000              0.2500000000000001              1.3999999999999999              1.3999999999999999
       0.94140625               0.1250000000000000              0.0000000000000000              0.1000000000000000              0.2500000000000001              1.3999999999999999              1.3999999999999999
       0.94921875               0.1250000000000000              0.0000000000000000              0.1000000000000000              0.2500000000000001              1.3999999999999999              1.3999999999999999
       0.95703125               0.1250000000000000              0.0000000000000000              0.1000000000000000              0.2500000000000001              1.3999999999999999              1.3999999999999999
       0.96484375               0.1250000000000000              0.0000000000000000              0.1000000000000000              0.2500000000000001              1.3999999999999999              1.3999999999999999
       0.97265625               0.1250000000000000              0.0000000000000000              0.1000000000000000              0.2500000000000001              1.3999999999999999              1.3999999999999999
       0.98046875               0.1250000000000000              0.0000000000000000              0.1000000000000000              0.2500000000000001              1.3999999999999999              1.3999999999999999
       0.98828125               0.1250000000000000              0.0000000000000000              0.1000000000000000              0.2500000000000001              1.3999999999999999              1.3999999999999999
       0.99609375               0.1250000000000000              0.0000000000000000              0.1000000000000000              0.2500000000000001              1.3999999999999999              1.3999999999999999
