       0.00390625               1.0000000000000000              0.0000000000000000              1.0000000000000000              2.5000000000000004              1.3999999999999999              1.3999999999999999
       0.01171875               1.0000000000000000              0.0000000000000000              1.0000000000000000              2.5000000000000004              1.3999999999999999              1.3999999999999999
       0.01953125               1.0000000000000000              0.0000000000000000              1.0000000000000000              2.5000000000000004              1.3999999999999999              1.3999999999999999
       0.02734375               1.0000000000000000              0.0000000000000000              1.0000000000000000              2.5000000000000004              1.3999999999999999              1.3999999999999999
       0.03515625               1.0000000000000000              0.0000000000000000              1.0000000000000000              2.5000000000000004              1.3999999999999999              1.3999999999999999
       0.04296875               1.0000000000000000              0.0000000000000000              1.0000000000000000              2.5000000000000004              1.3999999999999999              1.3999999999999999
       0.05078125               1.0000000000000000              0.0000000000000000              1.0000000000000000              2.5000000000000004              1.3999999999999999              1.3999999999999999
       0.05859375               1.0000000000000000              0.0000000000000000              1.0000000000000000              2.5000000000000004              1.3999999999999999              1.3999999999999999
       0.06640625               1.0000000000000000              0.0000000000000000              1.0000000000000000              2.5000000000000004              1.3999999999999999              1.3999999999999999
       0.07421875               1.0000000000000000              0.0000000000000000              1.0000000000000000              2.5000000000000004              1.3999999999999999              1.3999999999999999
       0.08203125               1.0000000000000000              0.0000000000000000              1.0000000000000000              2.5000000000000004              1.3999999999999999              1.3999999999999999
       0.08984375               1.0000000000000000              0.0000000000000000              1.0000000000000000              2.5000000000000004              1.3999999999999999              1.3999999999999999
       0.09765625               1.0000000000000000              0.0000000000000000              1.0000000000000000              2.5000000000000004              1.3999999999999999              1.3999999999999999
       0.10546875               1.0000000000000000              0.0000000000000000              1.0000000000000000              2.5000000000000004              1.3999999999999999              1.3999999999999999
       0.11328125               1.0000000000000000              0.0000000000000000              1.0000000000000000              2.5000000000000004              1.3999999999999999              1.3999999999999999
       0.12109375               1.0000000000000000              0.0000000000000000              1.0000000000000000              2.5000000000000004              1.3999999999999999              1.3999999999999999
       0.12890625               1.0000000000000000              0.0000000000000000              1.0000000000000000              2.5000000000000004              1.3999999999999999              1.3999999999999999
       0.13671875               1.0000000000000000              0.0000000000000000              1.0000000000000000              2.5000000000000004              1.3999999999999999              1.3999999999999999
       0.14453125               1.0000000000000000              0.0000000000000000              1.0000000000000000              2.5000000000000004              1.3999999999999999              1.3999999999999999
       0.15234375               1.0000000000000000              0.0000000000000000              1.0000000000000000              2.5000000000000004              1.3999999999999999              1.3999999999999999
       0.16015625               1.0000000000000000              0.0000000000000000              1.0000000000000000              2.5000000000000004              1.3999999999999999              1.3999999999999999
       0.16796875               1.0000000000000000              0.0000000000000000              1.0000000000000000              2.5000000000000004              1.3999999999999999              1.3999999999999999
       0.17578125               1.0000000000000000              0.0000000000000000              1.0000000000000000              2.5000000000000004              1.3999999999999999              1.3999999999999999
       0.18359375               1.0000000000000000              0.0000000000000000              1.0000000000000000              2.5000000000000004              1.3999999999999999              1.3999999999999999
       0.19140625               1.0000000000000000              0.0000000000000000              1.0000000000000000              2.5000000000000004              1.3999999999999999              1.3999999999999999
       0.19921875               1.0000000000000000              0.0000000000000000              1.0000000000000000              2.5000000000000004              1.3999999999999999              1.3999999999999999
       0.20703125               1.0000000000000000              0.0000000000000000              1.0000000000000000              2.5000000000000004              1.3999999999999999              1.3999999999999999
       0.21484375               1.0000000000000000              0.0000000000000000              1.0000000000000000              2.5000000000000004              1.3999999999999999              1.3999999999999999
       0.22265625               1.0000000000000000              0.0000000000000000              1.0000000000000000              2.5000000000000004              1.3999999999999999              1.3999999999999999
       0.23046875               1.0000000000000000              0.0000000000000000              1.0000000000000000              2.5000000000000004              1.3999999999999999              1.3999999999999999
       0.23828125               1.0000000000000000              0.0000000000000000              1.0000000000000000              2.5000000000000004              1.3999999999999999              1.3999999999999999
       0.24609375               1.0000000000000000              0.0000000000000000              1.0000000000000000              2.5000000000000004              1.3999999999999999              1.3999999999999999
       0.25390625               1.0000000000000000              0.0000000000000000              1.0000000000000000              2.5000000000000004              1.3999999999999999              1.3999999999999999
       0.26171875               1.0000000000000000              0.0000000000000000              1.0000000000000000              2.5000000000000004              1.3999999999999999              1.3999999999999999
       0.26953125               1.0000000000000000              0.0000000000000000              1.0000000000000000              2.5000000000000004              1.3999999999999999              1.3999999999999999
       0.27734375               1.0000000000000000              0.0000000000000000              1.0000000000000000              2.5000000000000004              1.3999999999999999              1.3999999999999999
       0.28515625               1.0000000000000000              0.0000000000000000              1.0000000000000000              2.5000000000000004              1.3999999999999999              1.3999999999999999
       0.29296875               1.0000000000000000              0.0000000000000000              1.0000000000000000              2.5000000000000004              1.3999999999999999              1.3999999999999999
       0.30078125               1.0000000000000000              0.0000000000000000              1.0000000000000000              2.5000000000000004              1.3999999999999999              1.3999999999999999
       0.30859375               1.0000000000000000              0.0000000000000000              1.0000000000000000              2.5000000000000004              1.3999999999999999              1.3999999999999999
       0.31640625               1.0000000000000000              0.0000000000000000              1.0000000000000000              2.5000000000000004              1.3999999999999999              1.3999999999999999
       0.32421875               1.0000000000000000              0.0000000000000000              1.0000000000000000              2.5000000000000004              1.3999999999999999              1.3999999999999999
       0.33203125               1.0000000000000000              0.0000000000000000              1.0000000000000000              2.5000000000000004              1.3999999999999999              1.3999999999999999
       0.33984375               1.0000000000000000              0.0000000000000000              1.0000000000000000              2.5000000000000004              1.3999999999999999              1.3999999999999999
       0.34765625               1.0000000000000000              0.0000000000000000              1.0000000000000000              2.5000000000000004              1.3999999999999999              1.3999999999999999
       0.35546875               1.0000000000000000              0.0000000000000000              1.0000000000000000              2.5000000000000004              1.3999999999999999              1.3999999999999999
       0.36328125               1.0000000000000000              0.0000000000000000              1.0000000000000000              2.5000000000000004              1.3999999999999999              1.3999999999999999
       0.37109375               1.0000000000000000              0.0000000000000000              1.0000000000000000              2.5000000000000004              1.3999999999999999              1.3999999999999999
       0.37890625               1.0000000000000000              0.0000000000000000              1.0000000000000000              2.5000000000000004              1.3999999999999999              1.3999999999999999
       0.38671875               1.0000000000000000              0.0000000000000000              1.0000000000000000              2.5000000000000004              1.3999999999999999              1.3999999999999999
       0.39453125               1.0000000000000000              0.0000000000000000              1.0000000000000000              2.5000000000000004              1.3999999999999999              1.3999999999999999
       0.40234375               1.0000000000000000              0.0000000000000000              1.0000000000000000              2.5000000000000004              1.3999999999999999              1.3999999999999999
       0.41015625               1.0000000000000000              0.0000000000000000              1.0000000000000000              2.5000000000000004              1.3999999999999999              1.3999999999999999
       0.41796875               0.9998864514501606              0.0001342076662618              0.9998412096560464              2.4996030241401166              1.3999999999999999              1.3999999999999999
       0.42578125               0.9986475439067736              0.0015958321596056              0.9981128774379640              2.4952821935949103              1.3999999999999999              1.3999999999999999
       0.43359375               0.9926053999479890              0.0087063071853309              0.9897351615283898              2.4743379038209752              1.3999999999999999              1.3999999999999999
       0.44140625               0.9750149331846570              0.0294259198548552              0.9656317639102611              2.4140794097756535              1.3999999999999999              1.3999999999999999
       0.44921875               0.9399448319235663              0.0712153760951272              0.9184662959211198              2.2961657398028001              1.3999999999999999              1.3999999999999999
       0.45703125               0.8868403851565893              0.1362862789420659              0.8488665657714632              2.1221664144286585              1.3999999999999999              1.3999999999999999
       0.46484375               0.8201932088546271              0.2217597758756474              0.7643030162297771              1.9107575405744430              1.3999999999999999              1.3999999999999999
       0.47265625               0.7461382235225844              0.3227647995017875              0.6738198913388409              1.6845497283471027              1.3999999999999999              1.3999999999999999
       0.48046875               0.6701041873582011              0.4345220052521285              0.5847131838027849              1.4617829595069625              1.3999999999999999              1.3999999999999999
       0.48828125               0.5962156072513972              0.5526875929813868              0.5019390795203997              1.2548476988009996              1.3999999999999999              1.3999999999999999
       0.49609375               0.5275764910978117              0.6725446421938348              0.4287955433647864              1.0719888584119661              1.3999999999999999              1.3999999999999999
       0.50390625               0.4669560632101154              0.7868774436119785              0.3681239133108184              0.9203097832770462              1.3999999999999999              1.3999999999999999
       0.51171875               0.4179730699139315              0.8808163358504398              0.3243049294302994              0.8107623235757486              1.3999999999999999              1.3999999999999999
       0.51953125               0.3852934289384308              0.9256830585637313              0.3052479297877839              0.7631198244694598              1.3999999999999999              1.3999999999999999
       0.52734375               0.3592650186742367              0.9328457578896563              0.3025184133475932              0.7562960333689833              1.3999999999999999              1.3999999999999999
       0.53515625               0.3306831358481305              0.9335150662372942              0.3026820486050120              0.7567051215125300              1.3999999999999999              1.3999999999999999
       0.54296875               0.3030046210252869              0.9311309861142801              0.3024138835904153              0.7560347089760383              1.3999999999999999              1.3999999999999999
       0.55078125               0.2768051279185067              0.9057658818082160              0.2941893394523601              0.7354733486309006              1.3999999999999999              1.3999999999999999
       0.55859375               0.2400578814087568              0.7819437668840921              0.2561496646633108              0.6403741616582772              1.3999999999999999              1.3999999999999999
       0.56640625               0.1813553286839361              0.4558411839748552              0.1758392122493805              0.4395980306234513              1.3999999999999999              1.3999999999999999
       0.57421875               0.1349795098948432              0.0897173357434404              0.1123374528671540              0.2808436321678850              1.3999999999999999              1.3999999999999999
       0.58203125               0.1254595508294679              0.0039561025297273              0.1005239784876262              0.2513099462190657              1.3999999999999999              1.3999999999999999
       0.58984375               0.1250000000000000              0.0000000000000000              0.1000000000000000              0.2500000000000001              1.3999999999999999              1.3999999999999999
       0.59765625               0.1250000000000000              0.0000000000000000              0.1000000000000000              0.2500000000000001              1.3999999999999999              1.3999999999999999
       0.60546875               0.1250000000000000              0.0000000000000000              0.1000000000000000              0.2500000000000001              1.3999999999999999              1.3999999999999999
       0.61328125               0.1250000000000000              0.0000000000000000              0.1000000000000000              0.2500000000000001              1.3999999999999999              1.3999999999999999
       0.62109375               0.1250000000000000              0.0000000000000000              0.1000000000000000              0.2500000000000001              1.3999999999999999              1.3999999999999999
       0.62890625               0.1250000000000000              0.0000000000000000              0.1000000000000000              0.2500000000000001              1.3999999999999999              1.3999999999999999
       0.63671875               0.1250000000000000              0.0000000000000000              0.1000000000000000              0.2500000000000001              1.3999999999999999              1.3999999999999999
       0.64453125               0.1250000000000000              0.0000000000000000              0.1000000000000000              0.2500000000000001              1.3999999999999999              1.3999999999999999
       0.65234375               0.1250000000000000              0.0000000000000000              0.1000000000000000              0.2500000000000001              1.3999999999999999              1.3999999999999999
       0.66015625               0.1250000000000000              0.0000000000000000              0.1000000000000000              0.2500000000000001              1.3999999999999999              1.3999999999999999
       0.66796875               0.1250000000000000              0.0000000000000000              0.1000000000000000              0.2500000000000001              1.3999999999999999              1.3999999999999999
       0.67578125               0.1250000000000000              0.0000000000000000              0.1000000000000000              0.2500000000000001              1.3999999999999999              1.3999999999999999
       0.68359375               0.1250000000000000              0.0000000000000000              0.1000000000000000              0.2500000000000001              1.3999999999999999              1.3999999999999999
       0.69140625               0.1250000000000000              0.0000000000000000              0.1000000000000000              0.2500000000000001              1.3999999999999999              1.3999999999999999
       0.69921875               0.1250000000000000              0.0000000000000000              0.1000000000000000              0.2500000000000001              1.3999999999999999              1.3999999999999999
       0.70703125               0.1250000000000000              0.0000000000000000              0.1000000000000000              0.2500000000000001              1.3999999999999999              1.3999999999999999
       0.71484375               0.1250000000000000              0.0000000000000000              0.1000000000000000              0.2500000000000001              1.3999999999999999              1.3999999999999999
       0.72265625               0.1250000000000000              0.0000000000000000              0.1000000000000000              0.2500000000000001              1.3999999999999999              1.3999999999999999
       0.73046875               0.1250000000000000              0.0000000000000000              0.1000000000000000              0.2500000000000001              1.3999999999999999              1.3999999999999999
       0.73828125               0.1250000000000000              0.0000000000000000              0.1000000000000000              0.2500000000000001              1.3999999999999999              1.3999999999999999
       0.74609375               0.1250000000000000              0.0000000000000000              0.1000000000000000              0.2500000000000001              1.3999999999999999              1.3999999999999999
       0.75390625               0.1250000000000000              0.0000000000000000              0.1000000000000000              0.2500000000000001              1.3999999999999999              1.3999999999999999
       0.76171875               0.1250000000000000              0.0000000000000000              0.1000000000000000              0.2500000000000001              1.3999999999999999              1.3999999999999999
       0.76953125               0.1250000000000000              0.0000000000000000              0.1000000000000000              0.2500000000000001              1.3999999999999999              1.3999999999999999
       0.77734375               0.1250000000000000              0.0000000000000000              0.1000000000000000              0.2500000000000001              1.3999999999999999              1.3999999999999999
       0.78515625               0.1250000000000000              0.0000000000000000              0.1000000000000000              0.2500000000000001              1.3999999999999999              1.3999999999999999
       0.79296875               0.1250000000000000              0.0000000000000000              0.1000000000000000              0.2500000000000001              1.3999999999999999              1.3999999999999999
       0.80078125               0.1250000000000000              0.0000000000000000              0.1000000000000000              0.2500000000000001              1.3999999999999999              1.3999999999999999
       0.80859375               0.1250000000000000              0.0000000000000000              0.1000000000000000              0.2500000000000001              1.3999999999999999              1.3999999999999999
       0.81640625               0.1250000000000000              0.0000000000000000              0.1000000000000000              0.2500000000000001              1.3999999999999999              1.3999999999999999
       0.82421875               0.1250000000000000              0.0000000000000000              0.1000000000000000              0.2500000000000001              1.3999999999999999              1.3999999999999999
       0.83203125               0.1250000000000000              0.0000000000000000              0.1000000000000000              0.2500000000000001              1.3999999999999999              1.3999999999999999
       0.83984375               0.1250000000000000              0.0000000000000000              0.1000000000000000              0.2500000000000001              1.3999999999999999              1.3999999999999999
       0.84765625               0.1250000000000000              0.0000000000000000              0.1000000000000000              0.2500000000000001              1.3999999999999999              1.3999999999999999
       0.85546875               0.1250000000000000              0.0000000000000000              0.1000000000000000              0.2500000000000001              1.3999999999999999              1.3999999999999999
       0.86328125               0.1250000000000000              0.0000000000000000              0.1000000000000000              0.2500000000000001              1.3999999999999999              1.3999999999999999
       0.87109375               0.1250000000000000              0.0000000000000000              0.1000000000000000              0.2500000000000001              1.3999999999999999              1.3999999999999999
       0.87890625               0.1250000000000000              0.0000000000000000              0.1000000000000000              0.2500000000000001              1.3999999999999999              1.3999999999999999
       0.88671875               0.1250000000000000              0.0000000000000000              0.1000000000000000              0.2500000000000001              1.3999999999999999              1.3999999999999999
       0.89453125               0.1250000000000000              0.0000000000000000              0.1000000000000000              0.2500000000000001              1.3999999999999999              1.3999999999999999
       0.90234375               0.1250000000000000              0.0000000000000000              0.1000000000000000              0.2500000000000001              1.3999999999999999              1.3999999999999999
       0.91015625               0.1250000000000000              0.0000000000000000              0.1000000000000000              0.2500000000000001              1.3999999999999999              1.3999999999999999
       0.91796875               0.1250000000000000              0.0000000000000000              0.1000000000000000              0.2500000000000001              1.3999999999999999              1.3999999999999999
       0.92578125               0.1250000000000000              0.0000000000000000              0.1000000000000000              0.2500000000000001              1.3999999999999999              1.3999999999999999
       0.93359375               0.1250000000000000              0.0000000000000000              0.1000000000000000              0.2500000000000001              1.3999999999999999              1.3999999999999999
       0.94140625               0.1250000000000000              0.0000000000000000              0.1000000000000000              0.2500000000000001              1.3999999999999999              1.3999999999999999
       0.94921875               0.1250000000000000              0.0000000000000000              0.1000000000000000              0.2500000000000001              1.3999999999999999              1.3999999999999999
       0.95703125               0.1250000000000000              0.0000000000000000              0.1000000000000000              0.2500000000000001              1.3999999999999999              1.3999999999999999
       0.96484375               0.1250000000000000              0.0000000000000000              0.1000000000000000              0.2500000000000001              1.3999999999999999              1.3999999999999999
       0.97265625               0.1250000000000000              0.0000000000000000              0.1000000000000000              0.2500000000000001              1.3999999999999999              1.3999999999999999
       0.98046875               0.1250000000000000              0.0000000000000000              0.1000000000000000              0.2500000000000001              1.3999999999999999              1.3999999999999999
       0.98828125               0.1250000000000000              0.0000000000000000              0.1000000000000000              0.2500000000000001              1.3999999999999999              1.3999999999999999
       0.99609375               0.1250000000000000              0.0000000000000000              0.1000000000000000              0.2500000000000001              1.3999999999999999              1.3999999999999999
