       0.00390625               1.0000000000000000              0.0000000000000000              1.0000000000000000              2.5000000000000004              1.3999999999999999              1.3999999999999999
       0.01171875               1.0000000000000000              0.0000000000000000              1.0000000000000000              2.5000000000000004              1.3999999999999999              1.3999999999999999
       0.01953125               1.0000000000000000              0.0000000000000000              1.0000000000000000              2.5000000000000004              1.3999999999999999              1.3999999999999999
       0.02734375               1.0000000000000000              0.0000000000000000              1.0000000000000000              2.5000000000000004              1.3999999999999999              1.3999999999999999
       0.03515625               1.0000000000000000              0.0000000000000000              1.0000000000000000              2.5000000000000004              1.3999999999999999              1.3999999999999999
       0.04296875               1.0000000000000000              0.0000000000000000              1.0000000000000000              2.5000000000000004              1.3999999999999999              1.3999999999999999
       0.05078125               1.0000000000000000              0.0000000000000000              1.0000000000000000              2.5000000000000004              1.3999999999999999              1.3999999999999999
       0.05859375               1.0000000000000000              0.0000000000000000              1.0000000000000000              2.5000000000000004              1.3999999999999999              1.3999999999999999
       0.06640625               1.0000000000000000              0.0000000000000000              1.0000000000000000              2.5000000000000004              1.3999999999999999              1.3999999999999999
       0.07421875               1.0000000000000000              0.0000000000000000              1.0000000000000000              2.5000000000000004              1.3999999999999999              1.3999999999999999
       0.08203125               1.0000000000000000              0.0000000000000000              1.0000000000000000              2.5000000000000004              1.3999999999999999              1.3999999999999999
       0.08984375               1.0000000000000000              0.0000000000000000              1.0000000000000000              2.5000000000000004              1.3999999999999999              1.3999999999999999
       0.09765625               1.0000000000000000              0.0000000000000000              1.0000000000000000              2.5000000000000004              1.3999999999999999              1.3999999999999999
       0.10546875               1.0000000000000000              0.0000000000000000              1.0000000000000000              2.5000000000000004              1.3999999999999999              1.3999999999999999
       0.11328125               1.0000000000000000              0.0000000000000000              1.0000000000000000              2.5000000000000004              1.3999999999999999              1.3999999999999999
       0.12109375               1.0000000000000000              0.0000000000000000              1.0000000000000000              2.5000000000000004              1.3999999999999999              1.3999999999999999
       0.12890625               0.9999999999999999              0.0000000000000001              1.0000000000000000              2.5000000000000004              1.3999999999999999              1.3999999999999999
       0.13671875               0.9999999999999982              0.0000000000000021              0.9999999999999974              2.4999999999999942              1.3999999999999999              1.3999999999999999
       0.14453125               0.9999999999999644              0.0000000000000422              0.9999999999999499              2.4999999999998752              1.3999999999999999              1.3999999999999999
       0.15234375               0.9999999999994746              0.0000000000006215              0.9999999999992644              2.4999999999981619              1.3999999999999999              1.3999999999999999
       0.16015625               0.9999999999939418              0.0000000000071681              0.9999999999915185              2.4999999999787970              1.3999999999999999              1.3999999999999999
       0.16796875               0.9999999999430561              0.0000000000673768              0.9999999999202785              2.4999999998006968              1.3999999999999999              1.3999999999999999
       0.17578125               0.9999999995515571              0.0000000005306051              0.9999999993721792              2.4999999984304488              1.3999999999999999              1.3999999999999999
       0.18359375               0.9999999969810618              0.0000000035720560              0.9999999957734863              2.4999999894337162              1.3999999999999999              1.3999999999999999
       0.19140625               0.9999999823600254              0.0000000208718991              0.9999999753040361              2.4999999382600908              1.3999999999999999              1.3999999999999999
       0.19921875               0.9999999094693173              0.0000001071173491              0.9999998732570488              2.4999996831426223              1.3999999999999999              1.3999999999999999
       0.20703125               0.9999995880305140              0.0000004874488832              0.9999994232428208              2.4999985581070527              1.3999999999999999              1.3999999999999999
       0.21484375               0.9999983248544312              0.0000019820592885              0.9999976547978090              2.4999941369945229              1.3999999999999999              1.3999999999999999
       0.22265625               0.9999938748238649              0.0000072474116502              0.9999914247739472              2.4999785619348684              1.3999999999999999              1.3999999999999999
       0.23046875               0.9999797526343740              0.0000239570786993              0.9999716539030123              2.4999291347575316              1.3999999999999999              1.3999999999999999
       0.23828125               0.9999392209468578              0.0000719155053109              0.9999149111807819              2.4997872779519557              1.3999999999999999              1.3999999999999999
       0.24609375               0.9998336744218569              0.0001968055124816              0.9997671575085453              2.4994178937713638              1.3999999999999999              1.3999999999999999
       0.25390625               0.9995836232757833              0.0004927082899030              0.9994171526478982              2.4985428816197461              1.3999999999999999              1.3999999999999999
       0.26171875               0.9990433514487744              0.0011321794467412              0.9986610977947925              2.4966527444869819              1.3999999999999999              1.3999999999999999
       0.26953125               0.9979760669455384              0.0023959929208095              0.9971682395857093              2.4929205989642740              1.3999999999999999              1.3999999999999999
       0.27734375               0.9960427310103310              0.0046873733911924              0.9944662498638238              2.4861656246595603              1.3999999999999999              1.3999999999999999
       0.28515625               0.9928192503883098              0.0085140299075413              0.9899673686858008              2.4749184217145026              1.3999999999999999              1.3999999999999999
       0.29296875               0.9878482067371949              0.0144312659031767              0.9830440619042564              2.4576101547606415              1.3999999999999999              1.3999999999999999
       0.30078125               0.9807145358346122              0.0229583558330808              0.9731386313284540              2.4328465783211355              1.3999999999999999              1.3999999999999999
       0.30859375               0.9711201186544665              0.0344959914291018              0.9598701043772939              2.3996752609432352              1.3999999999999999              1.3999999999999999
       0.31640625               0.9589312849834315              0.0492728858915987              0.9431003680647777              2.3577509201619447              1.3999999999999999              1.3999999999999999
       0.32421875               0.9441866023435799              0.0673346431678555              0.9229413941598597              2.3073534853996498              1.3999999999999999              1.3999999999999999
       0.33203125               0.9270699124031850              0.0885693021906161              0.8997115771477341              2.2492789428693354              1.3999999999999999              1.3999999999999999
       0.33984375               0.9078644053266878              0.1127529888541104              0.8738651931776741              2.1846629829441859              1.3999999999999999              1.3999999999999999
       0.34765625               0.8869042445855496              0.1395987087191583              0.8459197342395590              2.1147993355988981              1.3999999999999999              1.3999999999999999
       0.35546875               0.8645345893901305              0.1687972383151833              0.8163970584782640              2.0409926461956607              1.3999999999999999              1.3999999999999999
       0.36328125               0.8410841119395092              0.2000458841457828              0.7857840106773628              1.9644600266934076              1.3999999999999999              1.3999999999999999
       0.37109375               0.8168493790287527              0.2330655770214593              0.7545110941747909              1.8862777354369775              1.3999999999999999              1.3999999999999999
       0.37890625               0.7920883128309901              0.2676089108658939              0.7229446729915855              1.8073616824789640              1.3999999999999999              1.3999999999999999
       0.38671875               0.7670196103277936              0.3034620999772557              0.6913878326056179              1.7284695815140450              1.3999999999999999              1.3999999999999999
       0.39453125               0.7418255448379071              0.3404433364422854              0.6600859652831591              1.6502149132078980              1.3999999999999999              1.3999999999999999
       0.40234375               0.7166563485751850              0.3783993021344664              0.6292343836714854              1.5730859591787143              1.3999999999999999              1.3999999999999999
       0.41015625               0.6916350668279967              0.4172009285738641              0.5989863378134560              1.4974658445336404              1.3999999999999999              1.3999999999999999
       0.41796875               0.6668622861320744              0.4567389946086092              0.5694605846710025              1.4236514616775064              1.3999999999999999              1.3999999999999999
       0.42578125               0.6424204816443545              0.4969197942090153              0.5407481625141813              1.3518704062854536              1.3999999999999999              1.3999999999999999
       0.43359375               0.6183779524069448              0.5376608398767365              0.5129183338543289              1.2822958346358226              1.3999999999999999              1.3999999999999999
       0.44140625               0.5947924764368556              0.5788863138835685              0.4860238655852153              1.2150596639630384              1.3999999999999999              1.3999999999999999
       0.44921875               0.5717149910233572              0.6205216226982730              0.4601060013260607              1.1502650033151518              1.3999999999999999              1.3999999999999999
       0.45703125               0.5491938870357195              0.6624857199873887              0.4351997670042853              1.0879994175107133              1.3999999999999999              1.3999999999999999
       0.46484375               0.5272811638245932              0.7046782833457718              0.4113408722779172              1.0283521806947931              1.3999999999999999              1.3999999999999999
       0.47265625               0.5060432698577976              0.7469547996029675              0.3885770501090822              0.9714426252727058              1.3999999999999999              1.3999999999999999
       0.48046875               0.4855840296119870              0.7890712616178844              0.3669911247679343              0.9174778119198359              1.3999999999999999              1.3999999999999999
       0.48828125               0.4661013364779916              0.8305444716234335              0.3467570486711213              0.8668926216778036              1.3999999999999999              1.3999999999999999
       0.49609375               0.4480485510157156              0.8702492231269603              0.3282986238818243              0.8207465597045609              1.3999999999999999              1.3999999999999999
       0.50390625               0.4326373159040544              0.9051480840298871              0.3127842646629782              0.7819606616574456              1.3999999999999999              1.3999999999999999
       0.51171875               0.4229304750444906              0.9274769444927885              0.3031957121252764              0.7579892803131911              1.3999999999999999              1.3999999999999999
       0.51953125               0.4207805323176906              0.9320659907312406              0.3012589627713031              0.7531474069282580              1.3999999999999999              1.3999999999999999
       0.52734375               0.4208687309059401              0.9312490803753446              0.3016056907565952              0.7540142268914883              1.3999999999999999              1.3999999999999999
       0.53515625               0.4209978883878682              0.9302082248766396              0.3020472867220247              0.7551182168050620              1.3999999999999999              1.3999999999999999
       0.54296875               0.4208984925906569              0.9295445450546946              0.3023301237317590              0.7558253093293977              1.3999999999999999              1.3999999999999999
       0.55078125               0.4206070197266498              0.9291182913100420              0.3025129721969625              0.7562824304924065              1.3999999999999999              1.3999999999999999
       0.55859375               0.4201229529754352              0.9288227067525264              0.3026408668921006              0.7566021672302516              1.3999999999999999              1.3999999999999999
       0.56640625               0.4193522078657079              0.9286036388590326              0.3027366945947584              0.7568417364868962              1.3999999999999999              1.3999999999999999
       0.57421875               0.4180373750172344              0.9284327621763389              0.3028124519362585              0.7570311298406465              1.3999999999999999              1.3999999999999999
       0.58203125               0.4156810307265842              0.9282955849189573              0.3028742931619096              0.7571857329047742              1.3999999999999999              1.3999999999999999
       0.58984375               0.4115347780368919              0.9281842606650256              0.3029255592366033              0.7573138980915084              1.3999999999999999              1.3999999999999999
       0.59765625               0.4047253291742880              0.9280938416419485              0.3029683641440501              0.7574209103601254              1.3999999999999999              1.3999999999999999
       0.60546875               0.3945310178254238              0.9280207752714148              0.3030042466949621              0.7575106167374055              1.3999999999999999              1.3999999999999999
       0.61328125               0.3807231309462922              0.9279622057797393              0.3030344881480600              0.7575862203701501              1.3999999999999999              1.3999999999999999
       0.62109375               0.3638105614170590              0.9279157039455000              0.3030602424380516              0.7576506060951292              1.3999999999999999              1.3999999999999999
       0.62890625               0.3450399970557929              0.9278793395761975              0.3030825106885781              0.7577062767214453              1.3999999999999999              1.3999999999999999
       0.63671875               0.3261154270932636              0.9278517637927749              0.3031020993253759              0.7577552483134398              1.3999999999999999              1.3999999999999999
       0.64453125               0.3087449853321755              0.9278320419847348              0.3031196558980564              0.7577991397451412              1.3999999999999999              1.3999999999999999
       0.65234375               0.2942079645998049              0.9278193823586910              0.3031357040605819              0.7578392601514550              1.3999999999999999              1.3999999999999999
       0.66015625               0.2831104295676490              0.9278128908111819              0.3031506099196753              0.7578765247991883              1.3999999999999999              1.3999999999999999
       0.66796875               0.2753895857082593              0.9278112681633732              0.3031644909831537              0.7579112274578844              1.3999999999999999              1.3999999999999999
       0.67578125               0.2705090528281468              0.9278123288358795              0.3031770761926276              0.7579426904815691              1.3999999999999999              1.3999999999999999
       0.68359375               0.2677246871605093              0.9278122466258846              0.3031874768965973              0.7579686922414934              1.3999999999999999              1.3999999999999999
       0.69140625               0.2663105456590472              0.9278041783661009              0.3031937289427465              0.7579843223568664              1.3999999999999999              1.3999999999999999
       0.69921875               0.2656887050805469              0.9277743310671507              0.3031914614932368              0.7579786537330921              1.3999999999999999              1.3999999999999999
       0.70703125               0.2654618400592951              0.9276852762470302              0.3031682892305459              0.7579207230763648              1.3999999999999999              1.3999999999999999
       0.71484375               0.2653710833271220              0.9273944849424197              0.3030765231601449              0.7576913079003623              1.3999999999999999              1.3999999999999999
       0.72265625               0.2651632975063773              0.9262523407569303              0.3026984445490058              0.7567461113725147              1.3999999999999999              1.3999999999999999
       0.73046875               0.2641415640380931              0.9211669930510638              0.3010024137394341              0.7525060343485854              1.3999999999999999              1.3999999999999999
       0.73828125               0.2593618264067157              0.8979184977756072              0.2933329681667124              0.7333324204167810              1.3999999999999999              1.3999999999999999
       0.74609375               0.2402515984552175              0.8008891840458628              0.2631581676380558              0.6578954190951398              1.3999999999999999              1.3999999999999999
       0.75390625               0.1928387134177594              0.5231664427385913              0.1910933678765399              0.4777334196913500              1.3999999999999999              1.3999999999999999
       0.76171875               0.1449430075900723              0.1688626885195506              0.1242193199231813              0.3105482998079532              1.3999999999999999              1.3999999999999999
       0.76953125               0.1280281630558174              0.0257293839428684              0.1034399682450480              0.2585999206126202              1.3999999999999999              1.3999999999999999
       0.77734375               0.1253530644300365              0.0029906577048070              0.1003960896743179              0.2509902241857947              1.3999999999999999              1.3999999999999999
       0.78515625               0.1250389220130886              0.0003295482161472              0.1000436006845680              0.2501090017114201              1.3999999999999999              1.3999999999999999
       0.79296875               0.1250041741447040              0.0000353402218007              0.1000046751352649              0.2500116878381622              1.3999999999999999              1.3999999999999999
       0.80078125               0.1250004324408156              0.0000036612213072              0.1000004843347268              0.2500012108368170              1.3999999999999999              1.3999999999999999
       0.80859375               0.1250000426850944              0.0000003613892890              0.1000000478073158              0.2500001195182894              1.3999999999999999              1.3999999999999999
       0.81640625               0.1250000039465469              0.0000000334130619              0.1000000044201327              0.2500000110503318              1.3999999999999999              1.3999999999999999
       0.82421875               0.1250000003350616              0.0000000028367670              0.1000000003752690              0.2500000009381725              1.3999999999999999              1.3999999999999999
       0.83203125               0.1250000000255270              0.0000000002161224              0.1000000000285903              0.2500000000714758              1.3999999999999999              1.3999999999999999
       0.83984375               0.1250000000016982              0.0000000000143775              0.1000000000019020              0.2500000000047550              1.3999999999999999              1.3999999999999999
       0.84765625               0.1250000000000954              0.0000000000008071              0.1000000000001068              0.2500000000002670              1.3999999999999999              1.3999999999999999
       0.85546875               0.1250000000000043              0.0000000000000365              0.1000000000000048              0.2500000000000122              1.3999999999999999              1.3999999999999999
       0.86328125               0.1250000000000001              0.0000000000000013              0.1000000000000002              0.2500000000000005              1.3999999999999999              1.3999999999999999
       0.87109375               0.1250000000000000              0.0000000000000000              0.1000000000000000              0.2500000000000001              1.3999999999999999              1.3999999999999999
       0.87890625               0.1250000000000000              0.0000000000000000              0.1000000000000000              0.2500000000000001              1.3999999999999999              1.3999999999999999
       0.88671875               0.1250000000000000              0.0000000000000000              0.1000000000000000              0.2500000000000001              1.3999999999999999              1.3999999999999999
       0.89453125               0.1250000000000000              0.0000000000000000              0.1000000000000000              0.2500000000000001              1.3999999999999999              1.3999999999999999
       0.90234375               0.1250000000000000              0.0000000000000000              0.1000000000000000              0.2500000000000001              1.3999999999999999              1.3999999999999999
       0.91015625               0.1250000000000000              0.0000000000000000              0.1000000000000000              0.2500000000000001              1.3999999999999999              1.3999999999999999
       0.91796875               0.1250000000000000              0.0000000000000000              0.1000000000000000              0.2500000000000001              1.3999999999999999              1.3999999999999999
       0.92578125               0.1250000000000000              0.0000000000000000              0.1000000000000000              0.2500000000000001              1.3999999999999999              1.3999999999999999
       0.93359375               0.1250000000000000              0.0000000000000000              0.1000000000000000              0.2500000000000001              1.3999999999999999              1.3999999999999999
       0.94140625               0.1250000000000000              0.0000000000000000              0.1000000000000000              0.2500000000000001              1.3999999999999999              1.3999999999999999
       0.94921875               0.1250000000000000              0.0000000000000000              0.1000000000000000              0.2500000000000001              1.3999999999999999              1.3999999999999999
       0.95703125               0.1250000000000000              0.0000000000000000              0.1000000000000000              0.2500000000000001              1.3999999999999999              1.3999999999999999
       0.96484375               0.1250000000000000              0.0000000000000000              0.1000000000000000              0.2500000000000001              1.3999999999999999              1.3999999999999999
       0.97265625               0.1250000000000000              0.0000000000000000              0.1000000000000000              0.2500000000000001              1.3999999999999999              1.3999999999999999
       0.98046875               0.1250000000000000              0.0000000000000000              0.1000000000000000              0.2500000000000001              1.3999999999999999              1.3999999999999999
       0.98828125               0.1250000000000000              0.0000000000000000              0.1000000000000000              0.2500000000000001              1.3999999999999999              1.3999999999999999
       0.99609375               0.1250000000000000              0.0000000000000000              0.1000000000000000              0.2500000000000001              1.3999999999999999              1.3999999999999999
