       0.00390625               1.0000000000000000              0.0000000000000000              1.0000000000000000              2.5000000000000004              1.3999999999999999              1.3999999999999999
       0.01171875               1.0000000000000000              0.0000000000000000              1.0000000000000000              2.5000000000000004              1.3999999999999999              1.3999999999999999
       0.01953125               1.0000000000000000              0.0000000000000000              1.0000000000000000              2.5000000000000004              1.3999999999999999              1.3999999999999999
       0.02734375               1.0000000000000000              0.0000000000000000              1.0000000000000000              2.5000000000000004              1.3999999999999999              1.3999999999999999
       0.03515625               1.0000000000000000              0.0000000000000000              1.0000000000000000              2.5000000000000004              1.3999999999999999              1.3999999999999999
       0.04296875               1.0000000000000000              0.0000000000000000              1.0000000000000000              2.5000000000000004              1.3999999999999999              1.3999999999999999
       0.05078125               1.0000000000000000              0.0000000000000000              1.0000000000000000              2.5000000000000004              1.3999999999999999              1.3999999999999999
       0.05859375               1.0000000000000000              0.0000000000000000              1.0000000000000000              2.5000000000000004              1.3999999999999999              1.3999999999999999
       0.06640625               1.0000000000000000              0.0000000000000000              1.0000000000000000              2.5000000000000004              1.3999999999999999              1.3999999999999999
       0.07421875               1.0000000000000000              0.0000000000000000              1.0000000000000000              2.5000000000000004              1.3999999999999999              1.3999999999999999
       0.08203125               1.0000000000000000              0.0000000000000000              1.0000000000000000              2.5000000000000004              1.3999999999999999              1.3999999999999999
       0.08984375               1.0000000000000000              0.0000000000000000              1.0000000000000000              2.5000000000000004              1.3999999999999999              1.3999999999999999
       0.09765625               1.0000000000000000              0.0000000000000000              1.0000000000000000              2.5000000000000004              1.3999999999999999              1.3999999999999999
       0.10546875               1.0000000000000000              0.0000000000000000              1.0000000000000000              2.5000000000000004              1.3999999999999999              1.3999999999999999
       0.11328125               1.0000000000000000              0.0000000000000000              1.0000000000000000              2.5000000000000004              1.3999999999999999              1.3999999999999999
       0.12109375               1.0000000000000000              0.0000000000000000              1.0000000000000000              2.5000000000000004              1.3999999999999999              1.3999999999999999
       0.12890625               1.0000000000000000              0.0000000000000000              1.0000000000000000              2.5000000000000004              1.3999999999999999              1.3999999999999999
       0.13671875               1.0000000000000000              0.0000000000000000              1.0000000000000000              2.5000000000000004              1.3999999999999999              1.3999999999999999
       0.14453125               1.0000000000000000              0.0000000000000000              1.0000000000000000              2.5000000000000004              1.3999999999999999              1.3999999999999999
       0.15234375               1.0000000000000000              0.0000000000000000              1.0000000000000000              2.5000000000000004              1.3999999999999999              1.3999999999999999
       0.16015625               1.0000000000000000              0.0000000000000000              1.0000000000000000              2.5000000000000004              1.3999999999999999              1.3999999999999999
       0.16796875               1.0000000000000000              0.0000000000000000              1.0000000000000000              2.5000000000000004              1.3999999999999999              1.3999999999999999
       0.17578125               1.0000000000000000              0.0000000000000000              1.0000000000000000              2.5000000000000004              1.3999999999999999              1.3999999999999999
       0.18359375               1.0000000000000000              0.0000000000000000              1.0000000000000000              2.5000000000000004              1.3999999999999999              1.3999999999999999
       0.19140625               1.0000000000000000              0.0000000000000000              1.0000000000000000              2.5000000000000004              1.3999999999999999              1.3999999999999999
       0.19921875               0.9999999999999999              0.0000000000000001              0.9999999999999998              2.5000000000000000              1.3999999999999999              1.3999999999999999
       0.20703125               0.9999999999999982              0.0000000000000019              0.9999999999999977              2.4999999999999947              1.3999999999999999              1.3999999999999999
       0.21484375               0.9999999999999760              0.0000000000000285              0.9999999999999664              2.4999999999999165              1.3999999999999999              1.3999999999999999
       0.22265625               0.9999999999996927              0.0000000000003638              0.9999999999995695              2.4999999999989240              1.3999999999999999              1.3999999999999999
       0.23046875               0.9999999999964283              0.0000000000042263              0.9999999999949996              2.4999999999874993              1.3999999999999999              1.3999999999999999
       0.23828125               0.9999999999622013              0.0000000000447238              0.9999999999470819              2.4999999998677054              1.3999999999999999              1.3999999999999999
       0.24609375               0.9999999996350208              0.0000000004318493              0.9999999994890287              2.4999999987225725              1.3999999999999999              1.3999999999999999
       0.25390625               0.9999999967759170              0.0000000038147872              0.9999999954862830              2.4999999887157078              1.3999999999999999              1.3999999999999999
       0.26171875               0.9999999738775408              0.0000000309085108              0.9999999634285569              2.4999999085713931              1.3999999999999999              1.3999999999999999
       0.26953125               0.9999998053185761              0.0000002303501781              0.9999997274460233              2.4999993186150586              1.3999999999999999              1.3999999999999999
       0.27734375               0.9999986610304625              0.0000015842906867              0.9999981254434203              2.4999953136085513              1.3999999999999999              1.3999999999999999
       0.28515625               0.9999914665140508              0.0000100969811953              0.9999880531499329              2.4999701328748332              1.3999999999999999              1.3999999999999999
       0.29296875               0.9999493047731530              0.0000599843107445              0.9999290277156120              2.4998225692890306              1.3999999999999999              1.3999999999999999
       0.30078125               0.9997166405800945              0.0003353049473655              0.9996033282181398              2.4990083205453502              1.3999999999999999              1.3999999999999999
       0.30859375               0.9984958302748683              0.0017806176433075              0.9978950285210648              2.4947375713026627              1.3999999999999999              1.3999999999999999
       0.31640625               0.9932370455911317              0.0080183967177782              0.9905477448639860              2.4763693621599656              1.3999999999999999              1.3999999999999999
       0.32421875               0.9804836562263332              0.0232546854537010              0.9727963733576830              2.4319909333942080              1.3999999999999999              1.3999999999999999
       0.33203125               0.9594398694556819              0.0487547776131158              0.9437046161048311              2.3592615402620782              1.3999999999999999              1.3999999999999999
       0.33984375               0.9319940400611995              0.0827096402962606              0.9061358316693282              2.2653395791733208              1.3999999999999999              1.3999999999999999
       0.34765625               0.9009204292787319              0.1221386062637579              0.8641235758783229              2.1603089396958075              1.3999999999999999              1.3999999999999999
       0.35546875               0.8683127817260508              0.1647260873607497              0.8206619338568582              2.0516548346421457              1.3999999999999999              1.3999999999999999
       0.36328125               0.8354789382699074              0.2088571852382162              0.7775400239054499              1.9438500597636250              1.3999999999999999              1.3999999999999999
       0.37109375               0.8031301657603710              0.2538380092314369              0.7356707684950201              1.8391769212375508              1.3999999999999999              1.3999999999999999
       0.37890625               0.7712739808322844              0.2992907888766556              0.6953083500929722              1.7382708752324310              1.3999999999999999              1.3999999999999999
       0.38671875               0.7409567493849570              0.3447928197889479              0.6567991140606025              1.6419977851515069              1.3999999999999999              1.3999999999999999
       0.39453125               0.7104595534443582              0.3900980073607827              0.6203739767435841              1.5509349418589604              1.3999999999999999              1.3999999999999999
       0.40234375               0.6835404365574571              0.4349380508681115              0.5859372943064614              1.4648432357661536              1.3999999999999999              1.3999999999999999
       0.41015625               0.6546453863866455              0.4793304297229742              0.5535353034818286              1.3838382587045714              1.3999999999999999              1.3999999999999999
       0.41796875               0.6296537728121787              0.5231376276813736              0.5230774959448280              1.3076937398620703              1.3999999999999999              1.3999999999999999
       0.42578125               0.6055434979516996              0.5662710508584804              0.4944459787398574              1.2361149468496437              1.3999999999999999              1.3999999999999999
       0.43359375               0.5802878475229627              0.6087105412495987              0.4676504582588942              1.1691261456472359              1.3999999999999999              1.3999999999999999
       0.44140625               0.5583115978583544              0.6503079390233772              0.4426315115438327              1.1065787788595820              1.3999999999999999              1.3999999999999999
       0.44921875               0.5386125417138117              0.6908965891924684              0.4192722980154761              1.0481807450386904              1.3999999999999999              1.3999999999999999
       0.45703125               0.5180655532189543              0.7303415866808575              0.3975633740612125              0.9939084351530316              1.3999999999999999              1.3999999999999999
       0.46484375               0.4975289268429439              0.7685502262168858              0.3775252593996560              0.9438131484991404              1.3999999999999999              1.3999999999999999
       0.47265625               0.4803666036327519              0.8053442471037729              0.3590831133997258              0.8977077834993147              1.3999999999999999              1.3999999999999999
       0.48046875               0.4657363684621111              0.8405772142779970              0.3421136922087943              0.8552842305219860              1.3999999999999999              1.3999999999999999
       0.48828125               0.4519728000636025              0.8738672043553928              0.3266552664932442              0.8166381662331106              1.3999999999999999              1.3999999999999999
       0.49609375               0.4365776852148195              0.9036889278627861              0.3133310443475878              0.7833276108689696              1.3999999999999999              1.3999999999999999
       0.50390625               0.4244019329901889              0.9243635504986433              0.3044095332788350              0.7610238331970878              1.3999999999999999              1.3999999999999999
       0.51171875               0.4250684253180688              0.9289892334356469              0.3024985785108577              0.7562464462771443              1.3999999999999999              1.3999999999999999
       0.51953125               0.4282786390881868              0.9286828480182663              0.3026521708551337              0.7566304271378346              1.3999999999999999              1.3999999999999999
       0.52734375               0.4285973868809371              0.9279610598375814              0.3029767191024188              0.7574417977560473              1.3999999999999999              1.3999999999999999
       0.53515625               0.4257666937005548              0.9280687700897213              0.3029233900429140              0.7573084751072852              1.3999999999999999              1.3999999999999999
       0.54296875               0.4240591858742562              0.9278593633140445              0.3029899687378189              0.7574749218445473              1.3999999999999999              1.3999999999999999
       0.55078125               0.4243293983105042              0.9285076471695461              0.3027043509325920              0.7567608773314802              1.3999999999999999              1.3999999999999999
       0.55859375               0.4275539276216787              0.9286383872121659              0.3025886832122379              0.7564717080305949              1.3999999999999999              1.3999999999999999
       0.56640625               0.4285945714717135              0.9285860434568488              0.3025446000534892              0.7563615001337233              1.3999999999999999              1.3999999999999999
       0.57421875               0.4271604918994846              0.9281616644127874              0.3026956627449077              0.7567391568622694              1.3999999999999999              1.3999999999999999
       0.58203125               0.4228761624851335              0.9278998608779877              0.3028178994563115              0.7570447486407791              1.3999999999999999              1.3999999999999999
       0.58984375               0.4224477941374064              0.9274292359211707              0.3030732282207820              0.7576830705519552              1.3999999999999999              1.3999999999999999
       0.59765625               0.4265788064062350              0.9271979206418584              0.3032874174338572              0.7582185435846432              1.3999999999999999              1.3999999999999999
       0.60546875               0.4352481025903217              0.9270580539664981              0.3034676201182244              0.7586690502955612              1.3999999999999999              1.3999999999999999
       0.61328125               0.4362695825232440              0.9272365643655920              0.3034304183409067              0.7585760458522668              1.3999999999999999              1.3999999999999999
       0.62109375               0.4309613916801684              0.9279693286912007              0.3031195017562970              0.7577987543907426              1.3999999999999999              1.3999999999999999
       0.62890625               0.3913583116121801              0.9278424648661067              0.3030443447022092              0.7576108617555232              1.3999999999999999              1.3999999999999999
       0.63671875               0.3145427633554420              0.9266596488739958              0.3034001518888797              0.7585003797221995              1.3999999999999999              1.3999999999999999
       0.64453125               0.2717899174231660              0.9263622622584206              0.3033863961629981              0.7584659904074955              1.3999999999999999              1.3999999999999999
       0.65234375               0.2622642384655721              0.9263537479029919              0.3033292030905195              0.7583230077262990              1.3999999999999999              1.3999999999999999
       0.66015625               0.2612106155754014              0.9264715742659231              0.3032566513502767              0.7581416283756920              1.3999999999999999              1.3999999999999999
       0.66796875               0.2613461721645262              0.9275117777104204              0.3028995845972285              0.7572489614930713              1.3999999999999999              1.3999999999999999
       0.67578125               0.2629510759360109              0.9273066749439208              0.3029726207526367              0.7574315518815919              1.3999999999999999              1.3999999999999999
       0.68359375               0.2652305055342681              0.9266514374863657              0.3032811137081168              0.7582027842702921              1.3999999999999999              1.3999999999999999
       0.69140625               0.2656552061454007              0.9274724048927842              0.3030994653128919              0.7577486632822300              1.3999999999999999              1.3999999999999999
       0.69921875               0.2661678493026410              0.9265391828008914              0.3035025855035537              0.7587564637588844              1.3999999999999999              1.3999999999999999
       0.70703125               0.2664532900772125              0.9269467213326864              0.3036618805356374              0.7591547013390936              1.3999999999999999              1.3999999999999999
       0.71484375               0.2661619608474446              0.9296789739289683              0.3031460959156629              0.7578652397891574              1.3999999999999999              1.3999999999999999
       0.72265625               0.2668774887099811              0.9276133796922638              0.3043912937202474              0.7609782343006187              1.3999999999999999              1.3999999999999999
       0.73046875               0.2662267413043998              0.9317350867998613              0.3034821156377069              0.7587052890942676              1.3999999999999999              1.3999999999999999
       0.73828125               0.2660213895401218              0.9333511725928403              0.3034239710604456              0.7585599276511142              1.3999999999999999              1.3999999999999999
       0.74609375               0.2671790816583735              0.9269465668776743              0.3053854717727857              0.7634636794319644              1.3999999999999999              1.3999999999999999
       0.75390625               0.2484945084171891              0.8427751080104547              0.2758317241726868              0.6895793104317172              1.3999999999999999              1.3999999999999999
       0.76171875               0.1469434096961970              0.1943467623179140              0.1278900879926704              0.3197252199816760              1.3999999999999999              1.3999999999999999
       0.76953125               0.1252488903350354              0.0021090810374670              0.1002791857458427              0.2506979643646068              1.3999999999999999              1.3999999999999999
       0.77734375               0.1250021649070507              0.0000183291168855              0.1000024247277557              0.2500060618193892              1.3999999999999999              1.3999999999999999
       0.78515625               0.1250000188372787              0.0000001594840259              0.1000000210977546              0.2500000527443865              1.3999999999999999              1.3999999999999999
       0.79296875               0.1250000001681950              0.0000000014240067              0.1000000001883784              0.2500000004709460              1.3999999999999999              1.3999999999999999
       0.80078125               0.1250000000015370              0.0000000000130131              0.1000000000017215              0.2500000000043037              1.3999999999999999              1.3999999999999999
       0.80859375               0.1250000000000141              0.0000000000001197              0.1000000000000158              0.2500000000000396              1.3999999999999999              1.3999999999999999
       0.81640625               0.1250000000000001              0.0000000000000011              0.1000000000000001              0.2500000000000004              1.3999999999999999              1.3999999999999999
       0.82421875               0.1250000000000000              0.0000000000000000              0.1000000000000000              0.2500000000000001              1.3999999999999999              1.3999999999999999
       0.83203125               0.1250000000000000              0.0000000000000000              0.1000000000000000              0.2500000000000001              1.3999999999999999              1.3999999999999999
       0.83984375               0.1250000000000000              0.0000000000000000              0.1000000000000000              0.2500000000000001              1.3999999999999999              1.3999999999999999
       0.84765625               0.1250000000000000              0.0000000000000000              0.1000000000000000              0.2500000000000001              1.3999999999999999              1.3999999999999999
       0.85546875               0.1250000000000000              0.0000000000000000              0.1000000000000000              0.2500000000000001              1.3999999999999999              1.3999999999999999
       0.86328125               0.1250000000000000              0.0000000000000000              0.1000000000000000              0.2500000000000001              1.3999999999999999              1.3999999999999999
       0.87109375               0.1250000000000000              0.0000000000000000              0.1000000000000000              0.2500000000000001              1.3999999999999999              1.3999999999999999
       0.87890625               0.1250000000000000              0.0000000000000000              0.1000000000000000              0.2500000000000001              1.3999999999999999              1.3999999999999999
       0.88671875               0.1250000000000000              0.0000000000000000              0.1000000000000000              0.2500000000000001              1.3999999999999999              1.3999999999999999
       0.89453125               0.1250000000000000              0.0000000000000000              0.1000000000000000              0.2500000000000001              1.3999999999999999              1.3999999999999999
       0.90234375               0.1250000000000000              0.0000000000000000              0.1000000000000000              0.2500000000000001              1.3999999999999999              1.3999999999999999
       0.91015625               0.1250000000000000              0.0000000000000000              0.1000000000000000              0.2500000000000001              1.3999999999999999              1.3999999999999999
       0.91796875               0.1250000000000000              0.0000000000000000              0.1000000000000000              0.2500000000000001              1.3999999999999999              1.3999999999999999
       0.92578125               0.1250000000000000              0.0000000000000000              0.1000000000000000              0.2500000000000001              1.3999999999999999              1.3999999999999999
       0.93359375               0.1250000000000000              0.0000000000000000              0.1000000000000000              0.2500000000000001              1.3999999999999999              1.3999999999999999
       0.94140625               0.1250000000000000              0.0000000000000000              0.1000000000000000              0.2500000000000001              1.3999999999999999              1.3999999999999999
       0.94921875               0.1250000000000000              0.0000000000000000              0.1000000000000000              0.2500000000000001              1.3999999999999999              1.3999999999999999
       0.95703125               0.1250000000000000              0.0000000000000000              0.1000000000000000              0.2500000000000001              1.3999999999999999              1.3999999999999999
       0.96484375               0.1250000000000000              0.0000000000000000              0.1000000000000000              0.2500000000000001              1.3999999999999999              1.3999999999999999
       0.97265625               0.1250000000000000              0.0000000000000000              0.1000000000000000              0.2500000000000001              1.3999999999999999              1.3999999999999999
       0.98046875               0.1250000000000000              0.0000000000000000              0.1000000000000000              0.2500000000000001              1.3999999999999999              1.3999999999999999
       0.98828125               0.1250000000000000              0.0000000000000000              0.1000000000000000              0.2500000000000001              1.3999999999999999              1.3999999999999999
       0.99609375               0.1250000000000000              0.0000000000000000              0.1000000000000000              0.2500000000000001              1.3999999999999999              1.3999999999999999
