       0.00390625               1.0000000000000000              0.0000000000000000              1.0000000000000000              2.5000000000000004              1.3999999999999999              1.3999999999999999
       0.01171875               1.0000000000000000              0.0000000000000000              1.0000000000000000              2.5000000000000004              1.3999999999999999              1.3999999999999999
       0.01953125               1.0000000000000000              0.0000000000000000              1.0000000000000000              2.5000000000000004              1.3999999999999999              1.3999999999999999
       0.02734375               1.0000000000000000              0.0000000000000000              1.0000000000000000              2.5000000000000004              1.3999999999999999              1.3999999999999999
       0.03515625               1.0000000000000000              0.0000000000000000              1.0000000000000000              2.5000000000000004              1.3999999999999999              1.3999999999999999
       0.04296875               1.0000000000000000              0.0000000000000000              1.0000000000000000              2.5000000000000004              1.3999999999999999              1.3999999999999999
       0.05078125               1.0000000000000000              0.0000000000000000              1.0000000000000000              2.5000000000000004              1.3999999999999999              1.3999999999999999
       0.05859375               1.0000000000000000              0.0000000000000000              1.0000000000000000              2.5000000000000004              1.3999999999999999              1.3999999999999999
       0.06640625               1.0000000000000000              0.0000000000000000              1.0000000000000000              2.5000000000000004              1.3999999999999999              1.3999999999999999
       0.07421875               1.0000000000000000              0.0000000000000000              1.0000000000000000              2.5000000000000004              1.3999999999999999              1.3999999999999999
       0.08203125               1.0000000000000000              0.0000000000000000              1.0000000000000000              2.5000000000000004              1.3999999999999999              1.3999999999999999
       0.08984375               1.0000000000000000              0.0000000000000000              1.0000000000000000              2.5000000000000004              1.3999999999999999              1.3999999999999999
       0.09765625               1.0000000000000000              0.0000000000000000              1.0000000000000000              2.5000000000000004              1.3999999999999999              1.3999999999999999
       0.10546875               1.0000000000000000              0.0000000000000000              1.0000000000000000              2.5000000000000004              1.3999999999999999              1.3999999999999999
       0.11328125               1.0000000000000000              0.0000000000000000              1.0000000000000000              2.5000000000000004              1.3999999999999999              1.3999999999999999
       0.12109375               1.0000000000000000              0.0000000000000000              1.0000000000000000              2.5000000000000004              1.3999999999999999              1.3999999999999999
       0.12890625               1.0000000000000000              0.0000000000000000              1.0000000000000000              2.5000000000000004              1.3999999999999999              1.3999999999999999
       0.13671875               1.0000000000000000              0.0000000000000000              1.0000000000000000              2.5000000000000004              1.3999999999999999              1.3999999999999999
       0.14453125               1.0000000000000000              0.0000000000000000              1.0000000000000000              2.5000000000000004              1.3999999999999999              1.3999999999999999
       0.15234375               1.0000000000000000              0.0000000000000000              1.0000000000000000              2.5000000000000004              1.3999999999999999              1.3999999999999999
       0.16015625               1.0000000000000000              0.0000000000000000              1.0000000000000000              2.5000000000000004              1.3999999999999999              1.3999999999999999
       0.16796875               1.0000000000000000              0.0000000000000000              1.0000000000000000              2.5000000000000004              1.3999999999999999              1.3999999999999999
       0.17578125               1.0000000000000000              0.0000000000000000              1.0000000000000000              2.5000000000000004              1.3999999999999999              1.3999999999999999
       0.18359375               1.0000000000000000              0.0000000000000000              1.0000000000000000              2.5000000000000004              1.3999999999999999              1.3999999999999999
       0.19140625               1.0000000000000000              0.0000000000000000              1.0000000000000000              2.5000000000000004              1.3999999999999999              1.3999999999999999
       0.19921875               1.0000000000000000              0.0000000000000000              1.0000000000000000              2.5000000000000004              1.3999999999999999              1.3999999999999999
       0.20703125               1.0000000000000000              0.0000000000000000              1.0000000000000000              2.5000000000000004              1.3999999999999999              1.3999999999999999
       0.21484375               1.0000000000000000              0.0000000000000000              1.0000000000000000              2.5000000000000004              1.3999999999999999              1.3999999999999999
       0.22265625               1.0000000000000000              0.0000000000000000              1.0000000000000000              2.5000000000000004              1.3999999999999999              1.3999999999999999
       0.23046875               1.0000000000000000              0.0000000000000000              1.0000000000000000              2.5000000000000004              1.3999999999999999              1.3999999999999999
       0.23828125               0.9999999999999988              0.0000000000000015              0.9999999999999982              2.4999999999999960              1.3999999999999999              1.3999999999999999
       0.24609375               0.9999999999999658              0.0000000000000406              0.9999999999999519              2.4999999999998805              1.3999999999999999              1.3999999999999999
       0.25390625               0.9999999999992842              0.0000000000008470              0.9999999999989976              2.4999999999974949              1.3999999999999999              1.3999999999999999
       0.26171875               0.9999999999884455              0.0000000000136715              0.9999999999838235              2.4999999999595595              1.3999999999999999              1.3999999999999999
       0.26953125               0.9999999998503668              0.0000000001770481              0.9999999997905137              2.4999999994762847              1.3999999999999999              1.3999999999999999
       0.27734375               0.9999999984038647              0.0000000018885729              0.9999999977654102              2.4999999944135260              1.3999999999999999              1.3999999999999999
       0.28515625               0.9999999857120766              0.0000000169056989              0.9999999799969074              2.4999999499922687              1.3999999999999999              1.3999999999999999
       0.29296875               0.9999998912084296              0.0000001287239228              0.9999998476918084              2.4999996192295217              1.3999999999999999              1.3999999999999999
       0.30078125               0.9999992883885824              0.0000008419900579              0.9999990037442953              2.4999975093607389              1.3999999999999999              1.3999999999999999
       0.30859375               0.9999959726810620              0.0000047651911092              0.9999943617619250              2.4999859044048134              1.3999999999999999              1.3999999999999999
       0.31640625               0.9999801819794693              0.0000234490894370              0.9999722549630816              2.4999306374077044              1.3999999999999999              1.3999999999999999
       0.32421875               0.9999149433461344              0.0001006423635494              0.9998809239992382              2.4997023099980962              1.3999999999999999              1.3999999999999999
       0.33203125               0.9996811455941580              0.0003773051971190              0.9995536475045544              2.4988841187613868              1.3999999999999999              1.3999999999999999
       0.33984375               0.9989557632210306              0.0012359345605723              0.9985385076488911              2.4963462691222285              1.3999999999999999              1.3999999999999999
       0.34765625               0.9970134753480062              0.0035370725511666              0.9958222367315290              2.4895555918288230              1.3999999999999999              1.3999999999999999
       0.35546875               0.9925387521675713              0.0088508839997464              0.9895740645064591              2.4739351612661484              1.3999999999999999              1.3999999999999999
       0.36328125               0.9836750303381788              0.0194308587094534              0.9772348838270621              2.4430872095676559              1.3999999999999999              1.3999999999999999
       0.37109375               0.9685171600363772              0.0376995349844133              0.9562434190403317              2.3906085476008299              1.3999999999999999              1.3999999999999999
       0.37890625               0.9459001012138577              0.0653911889833278              0.9251716700684465              2.3129291751711167              1.3999999999999999              1.3999999999999999
       0.38671875               0.9159452101986040              0.1029055313102975              0.8844741354774396              2.2111853386935993              1.3999999999999999              1.3999999999999999
       0.39453125               0.8799397801420077              0.1493348760911740              0.8362480970848293              2.0906202427120735              1.3999999999999999              1.3999999999999999
       0.40234375               0.8396637240659951              0.2031209321157458              0.7832179868213079              1.9580449670532702              1.3999999999999999              1.3999999999999999
       0.41015625               0.7966784788327603              0.2628593261185169              0.7277235794341111              1.8193089485852783              1.3999999999999999              1.3999999999999999
       0.41796875               0.7535394363654460              0.3249237669635323              0.6730718120007599              1.6826795300019004              1.3999999999999999              1.3999999999999999
       0.42578125               0.7129331952749876              0.3866542995387605              0.6228618702699876              1.5571546756749697              1.3999999999999999              1.3999999999999999
       0.43359375               0.6747231790588163              0.4471410070425438              0.5766044769784644              1.4415111924461614              1.3999999999999999              1.3999999999999999
       0.44140625               0.6386722957007458              0.5066540277637758              0.5341462133234849              1.3353655333087122              1.3999999999999999              1.3999999999999999
       0.44921875               0.6054343860276010              0.5650271915904337              0.4950577910617245              1.2376444776543116              1.3999999999999999              1.3999999999999999
       0.45703125               0.5728670136736230              0.6222817012084104              0.4591613301822999              1.1479033254557500              1.3999999999999999              1.3999999999999999
       0.46484375               0.5435274446529432              0.6782702859374267              0.4262666775480810              1.0656666938702026              1.3999999999999999              1.3999999999999999
       0.47265625               0.5167487310339005              0.7326578893451392              0.3962171487244807              0.9905428718112019              1.3999999999999999              1.3999999999999999
       0.48046875               0.4909837111516743              0.7849419961365639              0.3690441477506672              0.9226103693766682              1.3999999999999999              1.3999999999999999
       0.48828125               0.4662240353170253              0.8340910220076407              0.3450425982915200              0.8626064957288000              1.3999999999999999              1.3999999999999999
       0.49609375               0.4458249405284133              0.8779140531535884              0.3248527752940956              0.8121319382352391              1.3999999999999999              1.3999999999999999
       0.50390625               0.4332606290077806              0.9120880039122379              0.3098095750778257              0.7745239376945645              1.3999999999999999              1.3999999999999999
       0.51171875               0.4278856878868956              0.9301460366173819              0.3020608014128325              0.7551520035320813              1.3999999999999999              1.3999999999999999
       0.51953125               0.4252288662528127              0.9315604002859654              0.3014204139130049              0.7535510347825126              1.3999999999999999              1.3999999999999999
       0.52734375               0.4230747374095425              0.9294348820437798              0.3022823859921610              0.7557059649804025              1.3999999999999999              1.3999999999999999
       0.53515625               0.4210679557390990              0.9288929667541124              0.3024621235838366              0.7561553089595917              1.3999999999999999              1.3999999999999999
       0.54296875               0.4210107703827605              0.9284863885022057              0.3026097839083270              0.7565244597708177              1.3999999999999999              1.3999999999999999
       0.55078125               0.4233997069582824              0.9285961898051572              0.3025724091306102              0.7564310228265259              1.3999999999999999              1.3999999999999999
       0.55859375               0.4290635202737784              0.9281493052623357              0.3027960839406129              0.7569902098515323              1.3999999999999999              1.3999999999999999
       0.56640625               0.4303009895426632              0.9282282842905392              0.3028244078917099              0.7570610197292749              1.3999999999999999              1.3999999999999999
       0.57421875               0.4265981867409728              0.9279927402564350              0.3029965394608213              0.7574913486520535              1.3999999999999999              1.3999999999999999
       0.58203125               0.4105328241703988              0.9280364411434553              0.3030777402207577              0.7576943505518945              1.3999999999999999              1.3999999999999999
       0.58984375               0.3741796575454377              0.9281887607738585              0.3031575489509873              0.7578938723774685              1.3999999999999999              1.3999999999999999
       0.59765625               0.3210749329677006              0.9285940366547880              0.3031824817624060              0.7579562044060151              1.3999999999999999              1.3999999999999999
       0.60546875               0.2855510484559764              0.9286710890048433              0.3033436607834496              0.7583591519586240              1.3999999999999999              1.3999999999999999
       0.61328125               0.2697922260106684              0.9288512663271133              0.3034884781194706              0.7587211952986768              1.3999999999999999              1.3999999999999999
       0.62109375               0.2640138853273746              0.9297397926893439              0.3033298097381659              0.7583245243454149              1.3999999999999999              1.3999999999999999
       0.62890625               0.2633338506660973              0.9284183910730933              0.3038365968700985              0.7595914921752464              1.3999999999999999              1.3999999999999999
       0.63671875               0.2637397478275689              0.9282706091537851              0.3037012976064083              0.7592532440160211              1.3999999999999999              1.3999999999999999
       0.64453125               0.2643688752897777              0.9282340805560212              0.3030277938999201              0.7575694847498005              1.3999999999999999              1.3999999999999999
       0.65234375               0.2653170900824101              0.9233252331449341              0.3033398902082398              0.7583497255205996              1.3999999999999999              1.3999999999999999
       0.66015625               0.2641496665929495              0.9256897514143839              0.3009326165383320              0.7523315413458302              1.3999999999999999              1.3999999999999999
       0.66796875               0.2643732701947647              0.9180359548737138              0.3009401697400680              0.7523504243501700              1.3999999999999999              1.3999999999999999
       0.67578125               0.2597126636468677              0.8988640872426727              0.2931105603616997              0.7327764009042494              1.3999999999999999              1.3999999999999999
       0.68359375               0.2152615385193834              0.6611832973324285              0.2250691197834996              0.5626727994587490              1.3999999999999999              1.3999999999999999
       0.69140625               0.1382267274173512              0.1143382995117436              0.1159096466111251              0.2897741165278128              1.3999999999999999              1.3999999999999999
       0.69921875               0.1255822358343834              0.0049366635452548              0.1006541881417590              0.2516354703543974              1.3999999999999999              1.3999999999999999
       0.70703125               0.1250207232099343              0.0001754603678402              0.1000232126183396              0.2500580315458492              1.3999999999999999              1.3999999999999999
       0.71484375               0.1250007103744552              0.0000060143284375              0.1000007956224923              0.2500019890562307              1.3999999999999999              1.3999999999999999
       0.72265625               0.1250000234164553              0.0000001982531880              0.1000000262264334              0.2500000655660835              1.3999999999999999              1.3999999999999999
       0.73046875               0.1250000007320163              0.0000000061975455              0.1000000008198582              0.2500000020496456              1.3999999999999999              1.3999999999999999
       0.73828125               0.1250000000214510              0.0000000001816125              0.1000000000240251              0.2500000000600627              1.3999999999999999              1.3999999999999999
       0.74609375               0.1250000000005720              0.0000000000048427              0.1000000000006406              0.2500000000016016              1.3999999999999999              1.3999999999999999
       0.75390625               0.1250000000000132              0.0000000000001119              0.1000000000000148              0.2500000000000371              1.3999999999999999              1.3999999999999999
       0.76171875               0.1250000000000002              0.0000000000000021              0.1000000000000003              0.2500000000000008              1.3999999999999999              1.3999999999999999
       0.76953125               0.1250000000000000              0.0000000000000000              0.1000000000000000              0.2500000000000001              1.3999999999999999              1.3999999999999999
       0.77734375               0.1250000000000000              0.0000000000000000              0.1000000000000000              0.2500000000000001              1.3999999999999999              1.3999999999999999
       0.78515625               0.1250000000000000              0.0000000000000000              0.1000000000000000              0.2500000000000001              1.3999999999999999              1.3999999999999999
       0.79296875               0.1250000000000000              0.0000000000000000              0.1000000000000000              0.2500000000000001              1.3999999999999999              1.3999999999999999
       0.80078125               0.1250000000000000              0.0000000000000000              0.1000000000000000              0.2500000000000001              1.3999999999999999              1.3999999999999999
       0.80859375               0.1250000000000000              0.0000000000000000              0.1000000000000000              0.2500000000000001              1.3999999999999999              1.3999999999999999
       0.81640625               0.1250000000000000              0.0000000000000000              0.1000000000000000              0.2500000000000001              1.3999999999999999              1.3999999999999999
       0.82421875               0.1250000000000000              0.0000000000000000              0.1000000000000000              0.2500000000000001              1.3999999999999999              1.3999999999999999
       0.83203125               0.1250000000000000              0.0000000000000000              0.1000000000000000              0.2500000000000001              1.3999999999999999              1.3999999999999999
       0.83984375               0.1250000000000000              0.0000000000000000              0.1000000000000000              0.2500000000000001              1.3999999999999999              1.3999999999999999
       0.84765625               0.1250000000000000              0.0000000000000000              0.1000000000000000              0.2500000000000001              1.3999999999999999              1.3999999999999999
       0.85546875               0.1250000000000000              0.0000000000000000              0.1000000000000000              0.2500000000000001              1.3999999999999999              1.3999999999999999
       0.86328125               0.1250000000000000              0.0000000000000000              0.1000000000000000              0.2500000000000001              1.3999999999999999              1.3999999999999999
       0.87109375               0.1250000000000000              0.0000000000000000              0.1000000000000000              0.2500000000000001              1.3999999999999999              1.3999999999999999
       0.87890625               0.1250000000000000              0.0000000000000000              0.1000000000000000              0.2500000000000001              1.3999999999999999              1.3999999999999999
       0.88671875               0.1250000000000000              0.0000000000000000              0.1000000000000000              0.2500000000000001              1.3999999999999999              1.3999999999999999
       0.89453125               0.1250000000000000              0.0000000000000000              0.1000000000000000              0.2500000000000001              1.3999999999999999              1.3999999999999999
       0.90234375               0.1250000000000000              0.0000000000000000              0.1000000000000000              0.2500000000000001              1.3999999999999999              1.3999999999999999
       0.91015625               0.1250000000000000              0.0000000000000000              0.1000000000000000              0.2500000000000001              1.3999999999999999              1.3999999999999999
       0.91796875               0.1250000000000000              0.0000000000000000              0.1000000000000000              0.2500000000000001              1.3999999999999999              1.3999999999999999
       0.92578125               0.1250000000000000              0.0000000000000000              0.1000000000000000              0.2500000000000001              1.3999999999999999              1.3999999999999999
       0.93359375               0.1250000000000000              0.0000000000000000              0.1000000000000000              0.2500000000000001              1.3999999999999999              1.3999999999999999
       0.94140625               0.1250000000000000              0.0000000000000000              0.1000000000000000              0.2500000000000001              1.3999999999999999              1.3999999999999999
       0.94921875               0.1250000000000000              0.0000000000000000              0.1000000000000000              0.2500000000000001              1.3999999999999999              1.3999999999999999
       0.95703125               0.1250000000000000              0.0000000000000000              0.1000000000000000              0.2500000000000001              1.3999999999999999              1.3999999999999999
       0.96484375               0.1250000000000000              0.0000000000000000              0.1000000000000000              0.2500000000000001              1.3999999999999999              1.3999999999999999
       0.97265625               0.1250000000000000              0.0000000000000000              0.1000000000000000              0.2500000000000001              1.3999999999999999              1.3999999999999999
       0.98046875               0.1250000000000000              0.0000000000000000              0.1000000000000000              0.2500000000000001              1.3999999999999999              1.3999999999999999
       0.98828125               0.1250000000000000              0.0000000000000000              0.1000000000000000              0.2500000000000001              1.3999999999999999              1.3999999999999999
       0.99609375               0.1250000000000000              0.0000000000000000              0.1000000000000000              0.2500000000000001              1.3999999999999999              1.3999999999999999
