       0.00390625               1.0000000000000000              0.0000000000000000              1.0000000000000000              2.5000000000000004              1.3999999999999999              1.3999999999999999
       0.01171875               1.0000000000000000              0.0000000000000000              1.0000000000000000              2.5000000000000004              1.3999999999999999              1.3999999999999999
       0.01953125               1.0000000000000000              0.0000000000000000              1.0000000000000000              2.5000000000000004              1.3999999999999999              1.3999999999999999
       0.02734375               1.0000000000000000              0.0000000000000000              1.0000000000000000              2.5000000000000004              1.3999999999999999              1.3999999999999999
       0.03515625               1.0000000000000000              0.0000000000000000              1.0000000000000000              2.5000000000000004              1.3999999999999999              1.3999999999999999
       0.04296875               1.0000000000000000              0.0000000000000000              1.0000000000000000              2.5000000000000004              1.3999999999999999              1.3999999999999999
       0.05078125               1.0000000000000000              0.0000000000000000              1.0000000000000000              2.5000000000000004              1.3999999999999999              1.3999999999999999
       0.05859375               1.0000000000000000              0.0000000000000000              1.0000000000000000              2.5000000000000004              1.3999999999999999              1.3999999999999999
       0.06640625               1.0000000000000000              0.0000000000000000              1.0000000000000000              2.5000000000000004              1.3999999999999999              1.3999999999999999
       0.07421875               1.0000000000000000              0.0000000000000000              1.0000000000000000              2.5000000000000004              1.3999999999999999              1.3999999999999999
       0.08203125               1.0000000000000000              0.0000000000000000              1.0000000000000000              2.5000000000000004              1.3999999999999999              1.3999999999999999
       0.08984375               1.0000000000000000              0.0000000000000000              1.0000000000000000              2.5000000000000004              1.3999999999999999              1.3999999999999999
       0.09765625               1.0000000000000000              0.0000000000000000              1.0000000000000000              2.5000000000000004              1.3999999999999999              1.3999999999999999
       0.10546875               1.0000000000000000              0.0000000000000000              1.0000000000000000              2.5000000000000004              1.3999999999999999              1.3999999999999999
       0.11328125               1.0000000000000000              0.0000000000000000              1.0000000000000000              2.5000000000000004              1.3999999999999999              1.3999999999999999
       0.12109375               1.0000000000000000              0.0000000000000000              1.0000000000000000              2.5000000000000004              1.3999999999999999              1.3999999999999999
       0.12890625               1.0000000000000000              0.0000000000000000              1.0000000000000000              2.5000000000000004              1.3999999999999999              1.3999999999999999
       0.13671875               1.0000000000000000              0.0000000000000000              1.0000000000000000              2.5000000000000004              1.3999999999999999              1.3999999999999999
       0.14453125               1.0000000000000000              0.0000000000000001              1.0000000000000000              2.5000000000000004              1.3999999999999999              1.3999999999999999
       0.15234375               0.9999999999999996              0.0000000000000005              0.9999999999999996              2.4999999999999991              1.3999999999999999              1.3999999999999999
       0.16015625               0.9999999999999949              0.0000000000000059              0.9999999999999929              2.4999999999999827              1.3999999999999999              1.3999999999999999
       0.16796875               0.9999999999999397              0.0000000000000714              0.9999999999999152              2.4999999999997886              1.3999999999999999              1.3999999999999999
       0.17578125               0.9999999999993632              0.0000000000007537              0.9999999999991082              2.4999999999977711              1.3999999999999999              1.3999999999999999
       0.18359375               0.9999999999940489              0.0000000000070417              0.9999999999916682              2.4999999999791709              1.3999999999999999              1.3999999999999999
       0.19140625               0.9999999999505279              0.0000000000585363              0.9999999999307387              2.4999999998268474              1.3999999999999999              1.3999999999999999
       0.19921875               0.9999999996320170              0.0000000004354035              0.9999999994848235              2.4999999987120596              1.3999999999999999              1.3999999999999999
       0.20703125               0.9999999975394273              0.0000000029113892              0.9999999965551978              2.4999999913879951              1.3999999999999999              1.3999999999999999
       0.21484375               0.9999999851540018              0.0000000175660220              0.9999999792156024              2.4999999480390063              1.3999999999999999              1.3999999999999999
       0.22265625               0.9999999189373980              0.0000000959145627              0.9999998865123636              2.4999997162809096              1.3999999999999999              1.3999999999999999
       0.23046875               0.9999995985497470              0.0000004750023305              0.9999994379697892              2.4999985949244734              1.3999999999999999              1.3999999999999999
       0.23828125               0.9999981939953059              0.0000021368935682              0.9999974715960421              2.4999936789901058              1.3999999999999999              1.3999999999999999
       0.24609375               0.9999926127260468              0.0000087407446514              0.9999896578558708              2.4999741446396775              1.3999999999999999              1.3999999999999999
       0.25390625               0.9999725172818480              0.0000325181018560              0.9999615246874964              2.4999038117187418              1.3999999999999999              1.3999999999999999
       0.26171875               0.9999070376473155              0.0001099963455278              0.9998698578176192              2.4996746445440485              1.3999999999999999              1.3999999999999999
       0.26953125               0.9997143535516958              0.0003380029563704              0.9996001388345330              2.4990003470863331              1.3999999999999999              1.3999999999999999
       0.27734375               0.9992038106738599              0.0009422616136367              0.9988856456745597              2.4972141141863999              1.3999999999999999              1.3999999999999999
       0.28515625               0.9979900819104520              0.0023795955595305              0.9971879278793516              2.4929698196983798              1.3999999999999999              1.3999999999999999
       0.29296875               0.9954102505944867              0.0054388590745445              0.9935830582830415              2.4839576457076045              1.3999999999999999              1.3999999999999999
       0.30078125               0.9905189304001745              0.0112557474382483              0.9867609846313932              2.4669024615784836              1.3999999999999999              1.3999999999999999
       0.30859375               0.9822443555256601              0.0211480285730311              0.9752554194918542              2.4381385487296363              1.3999999999999999              1.3999999999999999
       0.31640625               0.9697022269167934              0.0362714537233952              0.9578957377504247              2.3947393443760623              1.3999999999999999              1.3999999999999999
       0.32421875               0.9525199712099476              0.0572509462284473              0.9342637172677228              2.3356592931693076              1.3999999999999999              1.3999999999999999
       0.33203125               0.9309715998092316              0.0840012935605936              0.9048667830708853              2.2621669576772137              1.3999999999999999              1.3999999999999999
       0.33984375               0.9058455604184724              0.1158333634558267              0.8709249554235141              2.1773123885587857              1.3999999999999999              1.3999999999999999
       0.34765625               0.8781451026115565              0.1517616176061506              0.8339279939373360              2.0848199848433402              1.3999999999999999              1.3999999999999999
       0.35546875               0.8487924187196018              0.1908556175878835              0.7952012385975179              1.9880030964937951              1.3999999999999999              1.3999999999999999
       0.36328125               0.8185422876715066              0.2324279255179292              0.7557068725045747              1.8892671812614372              1.3999999999999999              1.3999999999999999
       0.37109375               0.7883432139530289              0.2748495397021207              0.7168539474683352              1.7921348686708383              1.3999999999999999              1.3999999999999999
       0.37890625               0.7592022527345970              0.3171970593355885              0.6800730839730368              1.7001827099325924              1.3999999999999999              1.3999999999999999
       0.38671875               0.7312158253082114              0.3590626838222750              0.6452417541030597              1.6131043852576494              1.3999999999999999              1.3999999999999999
       0.39453125               0.7043464064497514              0.4005247542794882              0.6123004513389118              1.5307511283472799              1.3999999999999999              1.3999999999999999
       0.40234375               0.6785239514878902              0.4415733345567048              0.5811103384681833              1.4527758461704585              1.3999999999999999              1.3999999999999999
       0.41015625               0.6536984416367827              0.4822306811747545              0.5515687545814858              1.3789218864537147              1.3999999999999999              1.3999999999999999
       0.41796875               0.6298235668747869              0.5225138405724459              0.5235811836493610              1.3089529591234030              1.3999999999999999              1.3999999999999999
       0.42578125               0.6068563971853108              0.5624274692783003              0.4970587682150296              1.2426469205375741              1.3999999999999999              1.3999999999999999
       0.43359375               0.5847644204025221              0.6019728868631442              0.4719259139207074              1.1798147848017686              1.3999999999999999              1.3999999999999999
       0.44140625               0.5635219613344794              0.6411394160050281              0.4481161405010929              1.1202903512527327              1.3999999999999999              1.3999999999999999
       0.44921875               0.5431115814242093              0.6799006587375167              0.4255740395547122              1.0639350988867808              1.3999999999999999              1.3999999999999999
       0.45703125               0.5235274879355194              0.7182062692270333              0.4042589727562979              1.0106474318907448              1.3999999999999999              1.3999999999999999
       0.46484375               0.5047823480393003              0.7559620914650083              0.3841517128490960              0.9603792821227404              1.3999999999999999              1.3999999999999999
       0.47265625               0.4869240213050365              0.7929896303413579              0.3652706854296083              0.9131767135740210              1.3999999999999999              1.3999999999999999
       0.48046875               0.4700718998282833              0.8289348790142040              0.3477072223125209              0.8692680557813025              1.3999999999999999              1.3999999999999999
       0.48828125               0.4544952012253217              0.8630687543063855              0.3317017128762557              0.8292542821906392              1.3999999999999999              1.3999999999999999
       0.49609375               0.4407690167846408              0.8938872091332659              0.3177935387103240              0.7944838467758102              1.3999999999999999              1.3999999999999999
       0.50390625               0.4300144013300620              0.9185128525446100              0.3070386035101936              0.7675965087754844              1.3999999999999999              1.3999999999999999
       0.51171875               0.4238780397538087              0.9327665723254939              0.3009599373629335              0.7523998434073340              1.3999999999999999              1.3999999999999999
       0.51953125               0.4227076572272092              0.9353211434520005              0.2998871633747748              0.7497179084369372              1.3999999999999999              1.3999999999999999
       0.52734375               0.4249793214070758              0.9298852665971398              0.3021886597189322              0.7554716492973306              1.3999999999999999              1.3999999999999999
       0.53515625               0.4252571585289466              0.9289974388121049              0.3025716694475414              0.7564291736188536              1.3999999999999999              1.3999999999999999
       0.54296875               0.4251577199696794              0.9291158224116203              0.3025261170504008              0.7563152926260023              1.3999999999999999              1.3999999999999999
       0.55078125               0.4250756790204747              0.9292131052174868              0.3024929238909312              0.7562323097273282              1.3999999999999999              1.3999999999999999
       0.55859375               0.4251705389757737              0.9289898975407125              0.3025938386090619              0.7564845965226550              1.3999999999999999              1.3999999999999999
       0.56640625               0.4252313146220824              0.9288777997623546              0.3026497698991255              0.7566244247478139              1.3999999999999999              1.3999999999999999
       0.57421875               0.4252731440829155              0.9287000667158817              0.3027346190508016              0.7568365476270040              1.3999999999999999              1.3999999999999999
       0.58203125               0.4251920693498103              0.9285675984551255              0.3028013607550937              0.7570034018877343              1.3999999999999999              1.3999999999999999
       0.58984375               0.4247730777390061              0.9284602162814518              0.3028583298324354              0.7571458245810886              1.3999999999999999              1.3999999999999999
       0.59765625               0.4234859451196461              0.9283502111164387              0.3029171052314154              0.7572927630785388              1.3999999999999999              1.3999999999999999
       0.60546875               0.4204144383543719              0.9280936810738700              0.3030385650084634              0.7575964125211586              1.3999999999999999              1.3999999999999999
       0.61328125               0.4139019228150794              0.9279111098221359              0.3031282815561117              0.7578207038902793              1.3999999999999999              1.3999999999999999
       0.62109375               0.4017653726603778              0.9278320931837315              0.3031746326410520              0.7579365816026303              1.3999999999999999              1.3999999999999999
       0.62890625               0.3815238417587896              0.9278645199140395              0.3031700962239268              0.7579252405598172              1.3999999999999999              1.3999999999999999
       0.63671875               0.3516559065463704              0.9279722731815223              0.3031361268388921              0.7578403170972303              1.3999999999999999              1.3999999999999999
       0.64453125               0.3176475443984839              0.9280743886259701              0.3031048528085551              0.7577621320213881              1.3999999999999999              1.3999999999999999
       0.65234375               0.2930500273384476              0.9280910200980906              0.3031043822112303              0.7577609555280758              1.3999999999999999              1.3999999999999999
       0.66015625               0.2777494567968893              0.9280441457810501              0.3031225683895800              0.7578064209739501              1.3999999999999999              1.3999999999999999
       0.66796875               0.2693910823149244              0.9279056529930344              0.3031684677320607              0.7579211693301520              1.3999999999999999              1.3999999999999999
       0.67578125               0.2656074169813442              0.9276183598695558              0.3032594994117300              0.7581487485293252              1.3999999999999999              1.3999999999999999
       0.68359375               0.2642358969737792              0.9276027202127466              0.3032554122402977              0.7581385306007444              1.3999999999999999              1.3999999999999999
       0.69140625               0.2640064161075484              0.9276284455904528              0.3032431213644012              0.7581078034110031              1.3999999999999999              1.3999999999999999
       0.69921875               0.2642269089490809              0.9276712256119475              0.3032379293009012              0.7580948232522530              1.3999999999999999              1.3999999999999999
       0.70703125               0.2647075953764205              0.9281485426213489              0.3031084996740089              0.7577712491850225              1.3999999999999999              1.3999999999999999
       0.71484375               0.2652856160028287              0.9277155461663692              0.3033111401648055              0.7582778504120141              1.3999999999999999              1.3999999999999999
       0.72265625               0.2653341130036276              0.9284519763545747              0.3031358165733978              0.7578395414334945              1.3999999999999999              1.3999999999999999
       0.73046875               0.2654769283571796              0.9287306563682091              0.3031789673255073              0.7579474183137682              1.3999999999999999              1.3999999999999999
       0.73828125               0.2659258942872094              0.9273742541749332              0.3037695037082668              0.7594237592706673              1.3999999999999999              1.3999999999999999
       0.74609375               0.2653008599506474              0.9293859891669622              0.3027623353882734              0.7569058384706835              1.3999999999999999              1.3999999999999999
       0.75390625               0.2639562943672456              0.9169128215665681              0.3007057282691928              0.7517643206729820              1.3999999999999999              1.3999999999999999
       0.76171875               0.2438435570482542              0.8158643581046370              0.2696840664292169              0.6742101660730425              1.3999999999999999              1.3999999999999999
       0.76953125               0.1672912873884240              0.3601386983338927              0.1566120556673050              0.3915301391682627              1.3999999999999999              1.3999999999999999
       0.77734375               0.1279432222970074              0.0257937208046604              0.1034495144744621              0.2586237861861552              1.3999999999999999              1.3999999999999999
       0.78515625               0.1251096150251967              0.0009312674874095              0.1001232352414965              0.2503080881037412              1.3999999999999999              1.3999999999999999
       0.79296875               0.1250037791371748              0.0000320028568562              0.1000042336265740              0.2500105840664350              1.3999999999999999              1.3999999999999999
       0.80078125               0.1250001287822022              0.0000010903356595              0.1000001442379040              0.2500003605947601              1.3999999999999999              1.3999999999999999
       0.80859375               0.1250000043725175              0.0000000370195248              0.1000000048972229              0.2500000122430572              1.3999999999999999              1.3999999999999999
       0.81640625               0.1250000001469626              0.0000000012442446              0.1000000001645981              0.2500000004114953              1.3999999999999999              1.3999999999999999
       0.82421875               0.1250000000048682              0.0000000000412163              0.1000000000054524              0.2500000000136310              1.3999999999999999              1.3999999999999999
       0.83203125               0.1250000000001579              0.0000000000013367              0.1000000000001768              0.2500000000004421              1.3999999999999999              1.3999999999999999
       0.83984375               0.1250000000000050              0.0000000000000421              0.1000000000000056              0.2500000000000140              1.3999999999999999              1.3999999999999999
       0.84765625               0.1250000000000001              0.0000000000000013              0.1000000000000002              0.2500000000000004              1.3999999999999999              1.3999999999999999
       0.85546875               0.1250000000000000              0.0000000000000000              0.1000000000000000              0.2500000000000001              1.3999999999999999              1.3999999999999999
       0.86328125               0.1250000000000000              0.0000000000000000              0.1000000000000000              0.2500000000000001              1.3999999999999999              1.3999999999999999
       0.87109375               0.1250000000000000              0.0000000000000000              0.1000000000000000              0.2500000000000001              1.3999999999999999              1.3999999999999999
       0.87890625               0.1250000000000000              0.0000000000000000              0.1000000000000000              0.2500000000000001              1.3999999999999999              1.3999999999999999
       0.88671875               0.1250000000000000              0.0000000000000000              0.1000000000000000              0.2500000000000001              1.3999999999999999              1.3999999999999999
       0.89453125               0.1250000000000000              0.0000000000000000              0.1000000000000000              0.2500000000000001              1.3999999999999999              1.3999999999999999
       0.90234375               0.1250000000000000              0.0000000000000000              0.1000000000000000              0.2500000000000001              1.3999999999999999              1.3999999999999999
       0.91015625               0.1250000000000000              0.0000000000000000              0.1000000000000000              0.2500000000000001              1.3999999999999999              1.3999999999999999
       0.91796875               0.1250000000000000              0.0000000000000000              0.1000000000000000              0.2500000000000001              1.3999999999999999              1.3999999999999999
       0.92578125               0.1250000000000000              0.0000000000000000              0.1000000000000000              0.2500000000000001              1.3999999999999999              1.3999999999999999
       0.93359375               0.1250000000000000              0.0000000000000000              0.1000000000000000              0.2500000000000001              1.3999999999999999              1.3999999999999999
       0.94140625               0.1250000000000000              0.0000000000000000              0.1000000000000000              0.2500000000000001              1.3999999999999999              1.3999999999999999
       0.94921875               0.1250000000000000              0.0000000000000000              0.1000000000000000              0.2500000000000001              1.3999999999999999              1.3999999999999999
       0.95703125               0.1250000000000000              0.0000000000000000              0.1000000000000000              0.2500000000000001              1.3999999999999999              1.3999999999999999
       0.96484375               0.1250000000000000              0.0000000000000000              0.1000000000000000              0.2500000000000001              1.3999999999999999              1.3999999999999999
       0.97265625               0.1250000000000000              0.0000000000000000              0.1000000000000000              0.2500000000000001              1.3999999999999999              1.3999999999999999
       0.98046875               0.1250000000000000              0.0000000000000000              0.1000000000000000              0.2500000000000001              1.3999999999999999              1.3999999999999999
       0.98828125               0.1250000000000000              0.0000000000000000              0.1000000000000000              0.2500000000000001              1.3999999999999999              1.3999999999999999
       0.99609375               0.1250000000000000              0.0000000000000000              0.1000000000000000              0.2500000000000001              1.3999999999999999              1.3999999999999999
