       0.00390625               1.0000000000000000              0.0000000000000000              1.0000000000000000              2.5000000000000004              1.3999999999999999              1.3999999999999999
       0.01171875               1.0000000000000000              0.0000000000000000              1.0000000000000000              2.5000000000000004              1.3999999999999999              1.3999999999999999
       0.01953125               1.0000000000000000              0.0000000000000000              1.0000000000000000              2.5000000000000004              1.3999999999999999              1.3999999999999999
       0.02734375               1.0000000000000000              0.0000000000000000              1.0000000000000000              2.5000000000000004              1.3999999999999999              1.3999999999999999
       0.03515625               1.0000000000000000              0.0000000000000000              1.0000000000000000              2.5000000000000004              1.3999999999999999              1.3999999999999999
       0.04296875               1.0000000000000000              0.0000000000000000              1.0000000000000000              2.5000000000000004              1.3999999999999999              1.3999999999999999
       0.05078125               1.0000000000000000              0.0000000000000000              1.0000000000000000              2.5000000000000004              1.3999999999999999              1.3999999999999999
       0.05859375               1.0000000000000000              0.0000000000000000              1.0000000000000000              2.5000000000000004              1.3999999999999999              1.3999999999999999
       0.06640625               1.0000000000000000              0.0000000000000000              1.0000000000000000              2.5000000000000004              1.3999999999999999              1.3999999999999999
       0.07421875               1.0000000000000000              0.0000000000000000              1.0000000000000000              2.5000000000000004              1.3999999999999999              1.3999999999999999
       0.08203125               1.0000000000000000              0.0000000000000000              1.0000000000000000              2.5000000000000004              1.3999999999999999              1.3999999999999999
       0.08984375               1.0000000000000000              0.0000000000000000              1.0000000000000000              2.5000000000000004              1.3999999999999999              1.3999999999999999
       0.09765625               1.0000000000000000              0.0000000000000000              1.0000000000000000              2.5000000000000004              1.3999999999999999              1.3999999999999999
       0.10546875               1.0000000000000000              0.0000000000000000              1.0000000000000000              2.5000000000000004              1.3999999999999999              1.3999999999999999
       0.11328125               1.0000000000000000              0.0000000000000000              1.0000000000000000              2.5000000000000004              1.3999999999999999              1.3999999999999999
       0.12109375               1.0000000000000000              0.0000000000000000              1.0000000000000000              2.5000000000000004              1.3999999999999999              1.3999999999999999
       0.12890625               1.0000000000000000              0.0000000000000000              1.0000000000000000              2.5000000000000004              1.3999999999999999              1.3999999999999999
       0.13671875               1.0000000000000000              0.0000000000000000              1.0000000000000000              2.5000000000000004              1.3999999999999999              1.3999999999999999
       0.14453125               1.0000000000000000              0.0000000000000000              1.0000000000000000              2.5000000000000004              1.3999999999999999              1.3999999999999999
       0.15234375               1.0000000000000000              0.0000000000000000              1.0000000000000000              2.5000000000000004              1.3999999999999999              1.3999999999999999
       0.16015625               1.0000000000000000              0.0000000000000000              1.0000000000000000              2.5000000000000004              1.3999999999999999              1.3999999999999999
       0.16796875               1.0000000000000000              0.0000000000000000              1.0000000000000000              2.5000000000000004              1.3999999999999999              1.3999999999999999
       0.17578125               0.9999999999999992              0.0000000000000009              0.9999999999999988              2.4999999999999978              1.3999999999999999              1.3999999999999999
       0.18359375               0.9999999999999618              0.0000000000000452              0.9999999999999465              2.4999999999998668              1.3999999999999999              1.3999999999999999
       0.19140625               0.9999999999990301              0.0000000000011477              0.9999999999986421              2.4999999999966058              1.3999999999999999              1.3999999999999999
       0.19921875               0.9999999999839803              0.0000000000189549              0.9999999999775723              2.4999999999439311              1.3999999999999999              1.3999999999999999
       0.20703125               0.9999999998065439              0.0000000002289004              0.9999999997291613              2.4999999993229038              1.3999999999999999              1.3999999999999999
       0.21484375               0.9999999981791198              0.0000000021544946              0.9999999974507674              2.4999999936269193              1.3999999999999999              1.3999999999999999
       0.22265625               0.9999999860941994              0.0000000164535649              0.9999999805318796              2.4999999513296993              1.3999999999999999              1.3999999999999999
       0.23046875               0.9999999114351951              0.0000001047912803              0.9999998760092901              2.4999996900232260              1.3999999999999999              1.3999999999999999
       0.23828125               0.9999995201362538              0.0000005677822314              0.9999993281911588              2.4999983204778977              1.3999999999999999              1.3999999999999999
       0.24609375               0.9999977546829099              0.0000026566918295              0.9999968565633166              2.4999921414082920              1.3999999999999999              1.3999999999999999
       0.25390625               0.9999908210215084              0.0000108606785729              0.9999871495314226              2.4999678738285573              1.3999999999999999              1.3999999999999999
       0.26171875               0.9999669110012280              0.0000391511541412              0.9999536765216427              2.4998841913041070              1.3999999999999999              1.3999999999999999
       0.26953125               0.9998940243454844              0.0001253907197583              0.9998516439874386              2.4996291099685970              1.3999999999999999              1.3999999999999999
       0.27734375               0.9996965541485190              0.0003590405959368              0.9995752466305546              2.4989381165763871              1.3999999999999999              1.3999999999999999
       0.28515625               0.9992189568536033              0.0009241868849204              0.9989069532625625              2.4972673831564070              1.3999999999999999              1.3999999999999999
       0.29296875               0.9981836904533903              0.0021495626462565              0.9974591598868862              2.4936478997172160              1.3999999999999999              1.3999999999999999
       0.30078125               0.9961641365796085              0.0045416507799955              0.9946377991548035              2.4865944978870091              1.3999999999999999              1.3999999999999999
       0.30859375               0.9926012743782126              0.0087681036308918              0.9896689296538091              2.4741723241345235              1.3999999999999999              1.3999999999999999
       0.31640625               0.9868811731974109              0.0155727192702497              0.9817123373553888              2.4542808433884726              1.3999999999999999              1.3999999999999999
       0.32421875               0.9784572898994646              0.0256406450137925              0.9700382416299083              2.4250956040747713              1.3999999999999999              1.3999999999999999
       0.33203125               0.9669696073779523              0.0394669025464536              0.9541969561487753              2.3854923903719389              1.3999999999999999              1.3999999999999999
       0.33984375               0.9523108154667872              0.0572816191664235              0.9341092248616334              2.3352730621540840              1.3999999999999999              1.3999999999999999
       0.34765625               0.9346206362381305              0.0790512079530381              0.9100508137464262              2.2751270343660659              1.3999999999999999              1.3999999999999999
       0.35546875               0.9142259323123130              0.1045364867153293              0.8825587626990316              2.2063969067475795              1.3999999999999999              1.3999999999999999
       0.36328125               0.8915606480267632              0.1333725092498097              0.8523103807934728              2.1307759519836824              1.3999999999999999              1.3999999999999999
       0.37109375               0.8670937017793280              0.1651414833080484              0.8200165166180022              2.0500412915450061              1.3999999999999999              1.3999999999999999
       0.37890625               0.8412780077732916              0.1994253557781037              0.7863479375370271              1.9658698438425684              1.3999999999999999              1.3999999999999999
       0.38671875               0.8145215529934104              0.2358368438520326              0.7518953187380721              1.8797382968451808              1.3999999999999999              1.3999999999999999
       0.39453125               0.7871755193829522              0.2740335599032744              0.7171546817403287              1.7928867043508223              1.3999999999999999              1.3999999999999999
       0.40234375               0.7595333138330587              0.3137210406241028              0.6825287140777554              1.7063217851943890              1.3999999999999999              1.3999999999999999
       0.41015625               0.7318355038034874              0.3546494530371408              0.6483363284443936              1.6208408211109842              1.3999999999999999              1.3999999999999999
       0.41796875               0.7042773206348183              0.3966071769070934              0.6148254501530773              1.5370636253826939              1.3999999999999999              1.3999999999999999
       0.42578125               0.6770168173767412              0.4394130836902207              0.5821862149481623              1.4554655373704057              1.3999999999999999              1.3999999999999999
       0.43359375               0.6501827706956556              0.4829083142948090              0.5505632640554191              1.3764081601385481              1.3999999999999999              1.3999999999999999
       0.44140625               0.6238820638043493              0.5269476244125101              0.5200667565749235              1.3001668914373092              1.3999999999999999              1.3999999999999999
       0.44921875               0.5982067170357260              0.5713897516706250              0.4907822902903695              1.2269557257259240              1.3999999999999999              1.3999999999999999
       0.45703125               0.5732410939334057              0.6160855426375502              0.4627803377258222              1.1569508443145560              1.3999999999999999              1.3999999999999999
       0.46484375               0.5490702770900971              0.6608614198635180              0.4361262753038042              1.0903156882595109              1.3999999999999999              1.3999999999999999
       0.47265625               0.5257914520582215              0.7054935152385836              0.4108929008844083              1.0272322522110209              1.3999999999999999              1.3999999999999999
       0.48046875               0.5035319153310043              0.7496629945789159              0.3871790577765964              0.9679476444414913              1.3999999999999999              1.3999999999999999
       0.48828125               0.4824813096779113              0.7928723301819403              0.3651418773857575              0.9128546934643940              1.3999999999999999              1.3999999999999999
       0.49609375               0.4629547992221115              0.8342776636151072              0.3450591197738414              0.8626477994346038              1.3999999999999999              1.3999999999999999
       0.50390625               0.4455230856002688              0.8723403367504126              0.3274571812205589              0.8186429530513973              1.3999999999999999              1.3999999999999999
       0.51171875               0.4312645261417192              0.9041462464445689              0.3133603972648702              0.7834009931621759              1.3999999999999999              1.3999999999999999
       0.51953125               0.4220081153229391              0.9247207795348055              0.3045356643137445              0.7613391607843613              1.3999999999999999              1.3999999999999999
       0.52734375               0.4188970291932235              0.9305723726362413              0.3020808394297306              0.7552020985743266              1.3999999999999999              1.3999999999999999
       0.53515625               0.4181021114139118              0.9304187699965155              0.3021662013251703              0.7554155033129260              1.3999999999999999              1.3999999999999999
       0.54296875               0.4171498686413933              0.9299051096678576              0.3024052542507881              0.7560131356269703              1.3999999999999999              1.3999999999999999
       0.55078125               0.4156406861043409              0.9295355755359666              0.3025860692916106              0.7564651732290266              1.3999999999999999              1.3999999999999999
       0.55859375               0.4132724027808214              0.9292957818663010              0.3027149911228748              0.7567874778071871              1.3999999999999999              1.3999999999999999
       0.56640625               0.4096193955237604              0.9291344312495445              0.3028138675779550              0.7570346689448877              1.3999999999999999              1.3999999999999999
       0.57421875               0.4041465156174386              0.9290208972176882              0.3028957826784671              0.7572394566961680              1.3999999999999999              1.3999999999999999
       0.58203125               0.3963361707032738              0.9289407939423034              0.3029669158117103              0.7574172895292760              1.3999999999999999              1.3999999999999999
       0.58984375               0.3858864984900588              0.9288861971225978              0.3030306503839166              0.7575766259597916              1.3999999999999999              1.3999999999999999
       0.59765625               0.3728949865092124              0.9288517837472372              0.3030892020407516              0.7577230051018791              1.3999999999999999              1.3999999999999999
       0.60546875               0.3579277730359428              0.9288342734463703              0.3031438892410719              0.7578597231026799              1.3999999999999999              1.3999999999999999
       0.61328125               0.3419285377831435              0.9288320128809586              0.3031953593074489              0.7579883982686224              1.3999999999999999              1.3999999999999999
       0.62109375               0.3260077842455009              0.9288438501125628              0.3032440713363102              0.7581101783407755              1.3999999999999999              1.3999999999999999
       0.62890625               0.3112057227872127              0.9288683392892247              0.3032905805660650              0.7582264514151626              1.3999999999999999              1.3999999999999999
       0.63671875               0.2983119045058555              0.9289037259194515              0.3033354638944097              0.7583386597360244              1.3999999999999999              1.3999999999999999
       0.64453125               0.2877777943699814              0.9289483059565299              0.3033790669840031              0.7584476674600078              1.3999999999999999              1.3999999999999999
       0.65234375               0.2797154957800585              0.9290002454137886              0.3034213457475607              0.7585533643689021              1.3999999999999999              1.3999999999999999
       0.66015625               0.2739560640823128              0.9290561596429772              0.3034616261236022              0.7586540653090057              1.3999999999999999              1.3999999999999999
       0.66796875               0.2701391372334410              0.9291055760100018              0.3034969513291945              0.7587423783229864              1.3999999999999999              1.3999999999999999
       0.67578125               0.2678070558660569              0.9291029168004964              0.3035126370644257              0.7587815926610644              1.3999999999999999              1.3999999999999999
       0.68359375               0.2664635523278525              0.9288190968778812              0.3034321497252971              0.7585803743132429              1.3999999999999999              1.3999999999999999
       0.69140625               0.2654826196661257              0.9270977770544560              0.3028677965950377              0.7571694914875945              1.3999999999999999              1.3999999999999999
       0.69921875               0.2634475992590931              0.9185265658034542              0.3000175530377959              0.7500438825944898              1.3999999999999999              1.3999999999999999
       0.70703125               0.2558968580091131              0.8821230120582645              0.2881302005242269              0.7203255013105674              1.3999999999999999              1.3999999999999999
       0.71484375               0.2328482229743980              0.7634590716468316              0.2521720668675766              0.6304301671689417              1.3999999999999999              1.3999999999999999
       0.72265625               0.1886182218606187              0.5003037279974512              0.1859848306033189              0.4649620765082974              1.3999999999999999              1.3999999999999999
       0.73046875               0.1452322817137314              0.1760492932567751              0.1253706352705231              0.3134265881763078              1.3999999999999999              1.3999999999999999
       0.73828125               0.1282593823273034              0.0282835003836699              0.1037868370737016              0.2594670926842540              1.3999999999999999              1.3999999999999999
       0.74609375               0.1253754752499752              0.0031977905873555              0.1004235573650983              0.2510588934127458              1.3999999999999999              1.3999999999999999
       0.75390625               0.1250391180812918              0.0003315166081252              0.1000438610562907              0.2501096526407267              1.3999999999999999              1.3999999999999999
       0.76171875               0.1250038443212834              0.0000325522156168              0.1000043063057881              0.2500107657644703              1.3999999999999999              1.3999999999999999
       0.76953125               0.1250003525980470              0.0000029852944133              0.1000003949177630              0.2500009872944075              1.3999999999999999              1.3999999999999999
       0.77734375               0.1250000295027462              0.0000002497827802              0.1000000330431589              0.2500000826078972              1.3999999999999999              1.3999999999999999
       0.78515625               0.1250000021874189              0.0000000185195781              0.1000000024499099              0.2500000061247749              1.3999999999999999              1.3999999999999999
       0.79296875               0.1250000001385619              0.0000000011731215              0.1000000001551894              0.2500000003879735              1.3999999999999999              1.3999999999999999
       0.80078125               0.1250000000071448              0.0000000000604905              0.1000000000080021              0.2500000000200054              1.3999999999999999              1.3999999999999999
       0.80859375               0.1250000000002793              0.0000000000023648              0.1000000000003128              0.2500000000007821              1.3999999999999999              1.3999999999999999
       0.81640625               0.1250000000000073              0.0000000000000620              0.1000000000000082              0.2500000000000205              1.3999999999999999              1.3999999999999999
       0.82421875               0.1250000000000001              0.0000000000000007              0.1000000000000001              0.2500000000000003              1.3999999999999999              1.3999999999999999
       0.83203125               0.1250000000000000              0.0000000000000000              0.1000000000000000              0.2500000000000001              1.3999999999999999              1.3999999999999999
       0.83984375               0.1250000000000000              0.0000000000000000              0.1000000000000000              0.2500000000000001              1.3999999999999999              1.3999999999999999
       0.84765625               0.1250000000000000              0.0000000000000000              0.1000000000000000              0.2500000000000001              1.3999999999999999              1.3999999999999999
       0.85546875               0.1250000000000000              0.0000000000000000              0.1000000000000000              0.2500000000000001              1.3999999999999999              1.3999999999999999
       0.86328125               0.1250000000000000              0.0000000000000000              0.1000000000000000              0.2500000000000001              1.3999999999999999              1.3999999999999999
       0.87109375               0.1250000000000000              0.0000000000000000              0.1000000000000000              0.2500000000000001              1.3999999999999999              1.3999999999999999
       0.87890625               0.1250000000000000              0.0000000000000000              0.1000000000000000              0.2500000000000001              1.3999999999999999              1.3999999999999999
       0.88671875               0.1250000000000000              0.0000000000000000              0.1000000000000000              0.2500000000000001              1.3999999999999999              1.3999999999999999
       0.89453125               0.1250000000000000              0.0000000000000000              0.1000000000000000              0.2500000000000001              1.3999999999999999              1.3999999999999999
       0.90234375               0.1250000000000000              0.0000000000000000              0.1000000000000000              0.2500000000000001              1.3999999999999999              1.3999999999999999
       0.91015625               0.1250000000000000              0.0000000000000000              0.1000000000000000              0.2500000000000001              1.3999999999999999              1.3999999999999999
       0.91796875               0.1250000000000000              0.0000000000000000              0.1000000000000000              0.2500000000000001              1.3999999999999999              1.3999999999999999
       0.92578125               0.1250000000000000              0.0000000000000000              0.1000000000000000              0.2500000000000001              1.3999999999999999              1.3999999999999999
       0.93359375               0.1250000000000000              0.0000000000000000              0.1000000000000000              0.2500000000000001              1.3999999999999999              1.3999999999999999
       0.94140625               0.1250000000000000              0.0000000000000000              0.1000000000000000              0.2500000000000001              1.3999999999999999              1.3999999999999999
       0.94921875               0.1250000000000000              0.0000000000000000              0.1000000000000000              0.2500000000000001              1.3999999999999999              1.3999999999999999
       0.95703125               0.1250000000000000              0.0000000000000000              0.1000000000000000              0.2500000000000001              1.3999999999999999              1.3999999999999999
       0.96484375               0.1250000000000000              0.0000000000000000              0.1000000000000000              0.2500000000000001              1.3999999999999999              1.3999999999999999
       0.97265625               0.1250000000000000              0.0000000000000000              0.1000000000000000              0.2500000000000001              1.3999999999999999              1.3999999999999999
       0.98046875               0.1250000000000000              0.0000000000000000              0.1000000000000000              0.2500000000000001              1.3999999999999999              1.3999999999999999
       0.98828125               0.1250000000000000              0.0000000000000000              0.1000000000000000              0.2500000000000001              1.3999999999999999              1.3999999999999999
       0.99609375               0.1250000000000000              0.0000000000000000              0.1000000000000000              0.2500000000000001              1.3999999999999999              1.3999999999999999
