       0.00390625               1.0000000000000000              0.0000000000000000              1.0000000000000000              2.5000000000000004              1.3999999999999999              1.3999999999999999
       0.01171875               1.0000000000000000              0.0000000000000000              1.0000000000000000              2.5000000000000004              1.3999999999999999              1.3999999999999999
       0.01953125               1.0000000000000000              0.0000000000000000              1.0000000000000000              2.5000000000000004              1.3999999999999999              1.3999999999999999
       0.02734375               1.0000000000000000              0.0000000000000000              1.0000000000000000              2.5000000000000004              1.3999999999999999              1.3999999999999999
       0.03515625               1.0000000000000000              0.0000000000000000              1.0000000000000000              2.5000000000000004              1.3999999999999999              1.3999999999999999
       0.04296875               1.0000000000000000              0.0000000000000000              1.0000000000000000              2.5000000000000004              1.3999999999999999              1.3999999999999999
       0.05078125               1.0000000000000000              0.0000000000000000              1.0000000000000000              2.5000000000000004              1.3999999999999999              1.3999999999999999
       0.05859375               1.0000000000000000              0.0000000000000000              1.0000000000000000              2.5000000000000004              1.3999999999999999              1.3999999999999999
       0.06640625               1.0000000000000000              0.0000000000000000              1.0000000000000000              2.5000000000000004              1.3999999999999999              1.3999999999999999
       0.07421875               1.0000000000000000              0.0000000000000000              1.0000000000000000              2.5000000000000004              1.3999999999999999              1.3999999999999999
       0.08203125               1.0000000000000000              0.0000000000000000              1.0000000000000000              2.5000000000000004              1.3999999999999999              1.3999999999999999
       0.08984375               1.0000000000000000              0.0000000000000000              1.0000000000000000              2.5000000000000004              1.3999999999999999              1.3999999999999999
       0.09765625               1.0000000000000000              0.0000000000000000              1.0000000000000000              2.5000000000000004              1.3999999999999999              1.3999999999999999
       0.10546875               1.0000000000000000              0.0000000000000000              1.0000000000000000              2.5000000000000004              1.3999999999999999              1.3999999999999999
       0.11328125               1.0000000000000000              0.0000000000000000              1.0000000000000000              2.5000000000000004              1.3999999999999999              1.3999999999999999
       0.12109375               1.0000000000000000              0.0000000000000000              1.0000000000000000              2.5000000000000004              1.3999999999999999              1.3999999999999999
       0.12890625               1.0000000000000000              0.0000000000000000              1.0000000000000000              2.5000000000000004              1.3999999999999999              1.3999999999999999
       0.13671875               1.0000000000000000              0.0000000000000000              1.0000000000000000              2.5000000000000004              1.3999999999999999              1.3999999999999999
       0.14453125               1.0000000000000000              0.0000000000000000              1.0000000000000000              2.5000000000000004              1.3999999999999999              1.3999999999999999
       0.15234375               1.0000000000000000              0.0000000000000000              1.0000000000000000              2.5000000000000004              1.3999999999999999              1.3999999999999999
       0.16015625               1.0000000000000000              0.0000000000000000              1.0000000000000000              2.5000000000000004              1.3999999999999999              1.3999999999999999
       0.16796875               1.0000000000000000              0.0000000000000000              1.0000000000000000              2.5000000000000004              1.3999999999999999              1.3999999999999999
       0.17578125               1.0000000000000000              0.0000000000000000              1.0000000000000000              2.5000000000000004              1.3999999999999999              1.3999999999999999
       0.18359375               1.0000000000000000              0.0000000000000000              1.0000000000000000              2.5000000000000004              1.3999999999999999              1.3999999999999999
       0.19140625               1.0000000000000000              0.0000000000000000              1.0000000000000000              2.5000000000000004              1.3999999999999999              1.3999999999999999
       0.19921875               1.0000000000000000              0.0000000000000000              1.0000000000000000              2.5000000000000004              1.3999999999999999              1.3999999999999999
       0.20703125               1.0000000000000000              0.0000000000000000              1.0000000000000000              2.5000000000000004              1.3999999999999999              1.3999999999999999
       0.21484375               1.0000000000000000              0.0000000000000000              1.0000000000000000              2.5000000000000004              1.3999999999999999              1.3999999999999999
       0.22265625               1.0000000000000000              0.0000000000000000              1.0000000000000000              2.5000000000000004              1.3999999999999999              1.3999999999999999
       0.23046875               1.0000000000000000              0.0000000000000000              1.0000000000000000              2.5000000000000004              1.3999999999999999              1.3999999999999999
       0.23828125               1.0000000000000000              0.0000000000000000              1.0000000000000000              2.5000000000000004              1.3999999999999999              1.3999999999999999
       0.24609375               1.0000000000000000              0.0000000000000000              1.0000000000000000              2.5000000000000004              1.3999999999999999              1.3999999999999999
       0.25390625               1.0000000000000000              0.0000000000000000              1.0000000000000000              2.5000000000000004              1.3999999999999999              1.3999999999999999
       0.26171875               1.0000000000000000              0.0000000000000000              1.0000000000000000              2.5000000000000004              1.3999999999999999              1.3999999999999999
       0.26953125               1.0000000000000000              0.0000000000000000              1.0000000000000000              2.5000000000000004              1.3999999999999999              1.3999999999999999
       0.27734375               1.0000000000000000              0.0000000000000000              1.0000000000000000              2.5000000000000004              1.3999999999999999              1.3999999999999999
       0.28515625               1.0000000000000000              0.0000000000000000              1.0000000000000000              2.5000000000000004              1.3999999999999999              1.3999999999999999
       0.29296875               1.0000000000000000              0.0000000000000000              1.0000000000000000              2.5000000000000004              1.3999999999999999              1.3999999999999999
       0.30078125               1.0000000000000000              0.0000000000000000              1.0000000000000000              2.5000000000000004              1.3999999999999999              1.3999999999999999
       0.30859375               1.0000000000000000              0.0000000000000000              1.0000000000000000              2.5000000000000004              1.3999999999999999              1.3999999999999999
       0.31640625               0.9999999974325817              0.0000000030378097              0.9999999964056151              2.4999999910140382              1.3999999999999999              1.3999999999999999
       0.32421875               0.9999999269141633              0.0000000864762630              0.9999998976799088              2.4999997441997723              1.3999999999999999              1.3999999999999999
       0.33203125               0.9999990034026043              0.0000011791857706              0.9999986047691563              2.4999965119228911              1.3999999999999999              1.3999999999999999
       0.33984375               0.9999913356437660              0.0000102516541527              0.9999878701259214              2.4999696753148042              1.3999999999999999              1.3999999999999999
       0.34765625               0.9999460682435810              0.0000638097912020              0.9999245011540104              2.4998112528850265              1.3999999999999999              1.3999999999999999
       0.35546875               0.9997440786035439              0.0003027726805241              0.9996417998310785              2.4991044995776970              1.3999999999999999              1.3999999999999999
       0.36328125               0.9990369258062748              0.0011392776769538              0.9986526560621065              2.4966316401552673              1.3999999999999999              1.3999999999999999
       0.37109375               0.9970445203655646              0.0034964300103659              0.9958694649197811              2.4896736622994533              1.3999999999999999              1.3999999999999999
       0.37890625               0.9924352515014139              0.0089552922434190              0.9894476785156988              2.4736191962892473              1.3999999999999999              1.3999999999999999
       0.38671875               0.9835099371546655              0.0195602318079623              0.9770685211598580              2.4426713028996452              1.3999999999999999              1.3999999999999999
       0.39453125               0.9687325716258209              0.0372426554936380              0.9567133308633258              2.3917833271583149              1.3999999999999999              1.3999999999999999
       0.40234375               0.9473030561863013              0.0632008100349368              0.9274765792352706              2.3186914480881771              1.3999999999999999              1.3999999999999999
       0.41015625               0.9193836353200282              0.0976426235403387              0.8898539994680172              2.2246349986700436              1.3999999999999999              1.3999999999999999
       0.41796875               0.8859041036231955              0.1399600628646658              0.8454132299065329              2.1135330747663326              1.3999999999999999              1.3999999999999999
       0.42578125               0.8481763900104109              0.1890986708507912              0.7962018258059606              1.9905045645149018              1.3999999999999999              1.3999999999999999
       0.43359375               0.8075601314904601              0.2438833962135924              0.7442517368392241              1.8606293420980606              1.3999999999999999              1.3999999999999999
       0.44140625               0.7652712046260401              0.3032102150075875              0.6913087938090089              1.7282719845225225              1.3999999999999999              1.3999999999999999
       0.44921875               0.7223135369585172              0.3661196392797934              0.6387488926494239              1.5968722316235602              1.3999999999999999              1.3999999999999999
       0.45703125               0.6794837538426218              0.4317967387473816              0.5875999795234514              1.4689999488086289              1.3999999999999999              1.3999999999999999
       0.46484375               0.6374090619613604              0.4995314158790614              0.5386082939266726              1.3465207348166819              1.3999999999999999              1.3999999999999999
       0.47265625               0.5965976977431251              0.5686529071995766              0.4923169803077894              1.2307924507694736              1.3999999999999999              1.3999999999999999
       0.48046875               0.5574970141412388              0.6384320358767996              0.4491480503221257              1.1228701258053144              1.3999999999999999              1.3999999999999999
       0.48828125               0.5205683333396628              0.7079168962531267              0.4094964719161839              1.0237411797904599              1.3999999999999999              1.3999999999999999
       0.49609375               0.4864084448635584              0.7756103934422629              0.3738681234119841              0.9346703085299604              1.3999999999999999              1.3999999999999999
       0.50390625               0.4559919407789624              0.8387604305612703              0.3431413438375988              0.8578533595939972              1.3999999999999999              1.3999999999999999
       0.51171875               0.4311803469349815              0.8917870495766721              0.3191167168463001              0.7977917921157502              1.3999999999999999              1.3999999999999999
       0.51953125               0.4152719969120356              0.9242854778262108              0.3051881321813450              0.7629703304533626              1.3999999999999999              1.3999999999999999
       0.52734375               0.4086616217551400              0.9314665921290675              0.3022532738831232              0.7556331847078082              1.3999999999999999              1.3999999999999999
       0.53515625               0.4026041092385610              0.9314827401428475              0.3023308942374702              0.7558272355936757              1.3999999999999999              1.3999999999999999
       0.54296875               0.3932148552063157              0.9309672282396495              0.3026326164869365              0.7565815412173413              1.3999999999999999              1.3999999999999999
       0.55078125               0.3794713570376522              0.9306030472187209              0.3028711561775285              0.7571778904438216              1.3999999999999999              1.3999999999999999
       0.55859375               0.3616963380244037              0.9303960584462373              0.3030404644587779              0.7576011611469448              1.3999999999999999              1.3999999999999999
       0.56640625               0.3414701931943525              0.9302770700797109              0.3031647203874617              0.7579118009686546              1.3999999999999999              1.3999999999999999
       0.57421875               0.3210942690620874              0.9301968188764547              0.3032600294928650              0.7581500737321627              1.3999999999999999              1.3999999999999999
       0.58203125               0.3027910979623790              0.9301279374063687              0.3033325087833502              0.7583312719583758              1.3999999999999999              1.3999999999999999
       0.58984375               0.2880736929099881              0.9300162290189196              0.3033713405619253              0.7584283514048134              1.3999999999999999              1.3999999999999999
       0.59765625               0.2774449325867885              0.9295115313360559              0.3032625048874120              0.7581562622185303              1.3999999999999999              1.3999999999999999
       0.60546875               0.2701504638263493              0.9263581355481896              0.3022516432565515              0.7556291081413788              1.3999999999999999              1.3999999999999999
       0.61328125               0.2629906242174769              0.9091458527161913              0.2965737693735499              0.7414344234338749              1.3999999999999999              1.3999999999999999
       0.62109375               0.2470410015710977              0.8377455531146856              0.2739057487081465              0.6847643717703664              1.3999999999999999              1.3999999999999999
       0.62890625               0.2099526354363947              0.6361254661179869              0.2178241873981680              0.5445604684954201              1.3999999999999999              1.3999999999999999
       0.63671875               0.1595649762924464              0.2939867836056669              0.1450665016600264              0.3626662541500662              1.3999999999999999              1.3999999999999999
       0.64453125               0.1313239210726448              0.0556136650705960              0.1075383981353658              0.2688459953384145              1.3999999999999999              1.3999999999999999
       0.65234375               0.1256414925937867              0.0054914199429834              0.1007279525457435              0.2518198813643587              1.3999999999999999              1.3999999999999999
       0.66015625               0.1250491132559187              0.0004165666078994              0.1000551145877332              0.2501377864693332              1.3999999999999999              1.3999999999999999
       0.66796875               0.1250029173116129              0.0000247050576797              0.1000032681983072              0.2500081704957681              1.3999999999999999              1.3999999999999999
       0.67578125               0.1250001195168109              0.0000010119062012              0.1000001338626487              0.2500003346566219              1.3999999999999999              1.3999999999999999
       0.68359375               0.1250000025013120              0.0000000211771840              0.1000000028014781              0.2500000070036953              1.3999999999999999              1.3999999999999999
       0.69140625               0.1250000000000000              0.0000000000000000              0.1000000000000000              0.2500000000000001              1.3999999999999999              1.3999999999999999
       0.69921875               0.1250000000000000              0.0000000000000000              0.1000000000000000              0.2500000000000001              1.3999999999999999              1.3999999999999999
       0.70703125               0.1250000000000000              0.0000000000000000              0.1000000000000000              0.2500000000000001              1.3999999999999999              1.3999999999999999
       0.71484375               0.1250000000000000              0.0000000000000000              0.1000000000000000              0.2500000000000001              1.3999999999999999              1.3999999999999999
       0.72265625               0.1250000000000000              0.0000000000000000              0.1000000000000000              0.2500000000000001              1.3999999999999999              1.3999999999999999
       0.73046875               0.1250000000000000              0.0000000000000000              0.1000000000000000              0.2500000000000001              1.3999999999999999              1.3999999999999999
       0.73828125               0.1250000000000000              0.0000000000000000              0.1000000000000000              0.2500000000000001              1.3999999999999999              1.3999999999999999
       0.74609375               0.1250000000000000              0.0000000000000000              0.1000000000000000              0.2500000000000001              1.3999999999999999              1.3999999999999999
       0.75390625               0.1250000000000000              0.0000000000000000              0.1000000000000000              0.2500000000000001              1.3999999999999999              1.3999999999999999
       0.76171875               0.1250000000000000              0.0000000000000000              0.1000000000000000              0.2500000000000001              1.3999999999999999              1.3999999999999999
       0.76953125               0.1250000000000000              0.0000000000000000              0.1000000000000000              0.2500000000000001              1.3999999999999999              1.3999999999999999
       0.77734375               0.1250000000000000              0.0000000000000000              0.1000000000000000              0.2500000000000001              1.3999999999999999              1.3999999999999999
       0.78515625               0.1250000000000000              0.0000000000000000              0.1000000000000000              0.2500000000000001              1.3999999999999999              1.3999999999999999
       0.79296875               0.1250000000000000              0.0000000000000000              0.1000000000000000              0.2500000000000001              1.3999999999999999              1.3999999999999999
       0.80078125               0.1250000000000000              0.0000000000000000              0.1000000000000000              0.2500000000000001              1.3999999999999999              1.3999999999999999
       0.80859375               0.1250000000000000              0.0000000000000000              0.1000000000000000              0.2500000000000001              1.3999999999999999              1.3999999999999999
       0.81640625               0.1250000000000000              0.0000000000000000              0.1000000000000000              0.2500000000000001              1.3999999999999999              1.3999999999999999
       0.82421875               0.1250000000000000              0.0000000000000000              0.1000000000000000              0.2500000000000001              1.3999999999999999              1.3999999999999999
       0.83203125               0.1250000000000000              0.0000000000000000              0.1000000000000000              0.2500000000000001              1.3999999999999999              1.3999999999999999
       0.83984375               0.1250000000000000              0.0000000000000000              0.1000000000000000              0.2500000000000001              1.3999999999999999              1.3999999999999999
       0.84765625               0.1250000000000000              0.0000000000000000              0.1000000000000000              0.2500000000000001              1.3999999999999999              1.3999999999999999
       0.85546875               0.1250000000000000              0.0000000000000000              0.1000000000000000              0.2500000000000001              1.3999999999999999              1.3999999999999999
       0.86328125               0.1250000000000000              0.0000000000000000              0.1000000000000000              0.2500000000000001              1.3999999999999999              1.3999999999999999
       0.87109375               0.1250000000000000              0.0000000000000000              0.1000000000000000              0.2500000000000001              1.3999999999999999              1.3999999999999999
       0.87890625               0.1250000000000000              0.0000000000000000              0.1000000000000000              0.2500000000000001              1.3999999999999999              1.3999999999999999
       0.88671875               0.1250000000000000              0.0000000000000000              0.1000000000000000              0.2500000000000001              1.3999999999999999              1.3999999999999999
       0.89453125               0.1250000000000000              0.0000000000000000              0.1000000000000000              0.2500000000000001              1.3999999999999999              1.3999999999999999
       0.90234375               0.1250000000000000              0.0000000000000000              0.1000000000000000              0.2500000000000001              1.3999999999999999              1.3999999999999999
       0.91015625               0.1250000000000000              0.0000000000000000              0.1000000000000000              0.2500000000000001              1.3999999999999999              1.3999999999999999
       0.91796875               0.1250000000000000              0.0000000000000000              0.1000000000000000              0.2500000000000001              1.3999999999999999              1.3999999999999999
       0.92578125               0.1250000000000000              0.0000000000000000              0.1000000000000000              0.2500000000000001              1.3999999999999999              1.3999999999999999
       0.93359375               0.1250000000000000              0.0000000000000000              0.1000000000000000              0.2500000000000001              1.3999999999999999              1.3999999999999999
       0.94140625               0.1250000000000000              0.0000000000000000              0.1000000000000000              0.2500000000000001              1.3999999999999999              1.3999999999999999
       0.94921875               0.1250000000000000              0.0000000000000000              0.1000000000000000              0.2500000000000001              1.3999999999999999              1.3999999999999999
       0.95703125               0.1250000000000000              0.0000000000000000              0.1000000000000000              0.2500000000000001              1.3999999999999999              1.3999999999999999
       0.96484375               0.1250000000000000              0.0000000000000000              0.1000000000000000              0.2500000000000001              1.3999999999999999              1.3999999999999999
       0.97265625               0.1250000000000000              0.0000000000000000              0.1000000000000000              0.2500000000000001              1.3999999999999999              1.3999999999999999
       0.98046875               0.1250000000000000              0.0000000000000000              0.1000000000000000              0.2500000000000001              1.3999999999999999              1.3999999999999999
       0.98828125               0.1250000000000000              0.0000000000000000              0.1000000000000000              0.2500000000000001              1.3999999999999999              1.3999999999999999
       0.99609375               0.1250000000000000              0.0000000000000000              0.1000000000000000              0.2500000000000001              1.3999999999999999              1.3999999999999999
