       0.00390625               1.0000000000000000              0.0000000000000000              1.0000000000000000              2.5000000000000004              1.3999999999999999              1.3999999999999999
       0.01171875               1.0000000000000000              0.0000000000000000              1.0000000000000000              2.5000000000000004              1.3999999999999999              1.3999999999999999
       0.01953125               1.0000000000000000              0.0000000000000000              1.0000000000000000              2.5000000000000004              1.3999999999999999              1.3999999999999999
       0.02734375               1.0000000000000000              0.0000000000000000              1.0000000000000000              2.5000000000000004              1.3999999999999999              1.3999999999999999
       0.03515625               1.0000000000000000              0.0000000000000000              1.0000000000000000              2.5000000000000004              1.3999999999999999              1.3999999999999999
       0.04296875               1.0000000000000000              0.0000000000000000              1.0000000000000000              2.5000000000000004              1.3999999999999999              1.3999999999999999
       0.05078125               1.0000000000000000              0.0000000000000000              1.0000000000000000              2.5000000000000004              1.3999999999999999              1.3999999999999999
       0.05859375               1.0000000000000000              0.0000000000000000              1.0000000000000000              2.5000000000000004              1.3999999999999999              1.3999999999999999
       0.06640625               1.0000000000000000              0.0000000000000000              1.0000000000000000              2.5000000000000004              1.3999999999999999              1.3999999999999999
       0.07421875               1.0000000000000000              0.0000000000000000              1.0000000000000000              2.5000000000000004              1.3999999999999999              1.3999999999999999
       0.08203125               1.0000000000000000              0.0000000000000000              1.0000000000000000              2.5000000000000004              1.3999999999999999              1.3999999999999999
       0.08984375               1.0000000000000000              0.0000000000000000              1.0000000000000000              2.5000000000000004              1.3999999999999999              1.3999999999999999
       0.09765625               1.0000000000000000              0.0000000000000000              1.0000000000000000              2.5000000000000004              1.3999999999999999              1.3999999999999999
       0.10546875               1.0000000000000000              0.0000000000000000              1.0000000000000000              2.5000000000000004              1.3999999999999999              1.3999999999999999
       0.11328125               1.0000000000000000              0.0000000000000000              1.0000000000000000              2.5000000000000004              1.3999999999999999              1.3999999999999999
       0.12109375               1.0000000000000000              0.0000000000000000              1.0000000000000000              2.5000000000000004              1.3999999999999999              1.3999999999999999
       0.12890625               1.0000000000000000              0.0000000000000000              1.0000000000000000              2.5000000000000004              1.3999999999999999              1.3999999999999999
       0.13671875               1.0000000000000000              0.0000000000000000              1.0000000000000000              2.5000000000000004              1.3999999999999999              1.3999999999999999
       0.14453125               1.0000000000000000              0.0000000000000000              1.0000000000000000              2.5000000000000004              1.3999999999999999              1.3999999999999999
       0.15234375               0.9999999999999998              0.0000000000000002              0.9999999999999997              2.5000000000000000              1.3999999999999999              1.3999999999999999
       0.16015625               0.9999999999999973              0.0000000000000033              0.9999999999999962              2.4999999999999911              1.3999999999999999              1.3999999999999999
       0.16796875               0.9999999999999670              0.0000000000000390              0.9999999999999539              2.4999999999998854              1.3999999999999999              1.3999999999999999
       0.17578125               0.9999999999996443              0.0000000000004210              0.9999999999995018              2.4999999999987552              1.3999999999999999              1.3999999999999999
       0.18359375               0.9999999999966069              0.0000000000040149              0.9999999999952494              2.4999999999881242              1.3999999999999999              1.3999999999999999
       0.19140625               0.9999999999712001              0.0000000000340766              0.9999999999596797              2.4999999998991997              1.3999999999999999              1.3999999999999999
       0.19921875               0.9999999997812072              0.0000000002588784              0.9999999996936907              2.4999999992342272              1.3999999999999999              1.3999999999999999
       0.20703125               0.9999999985052835              0.0000000017685728              0.9999999979073965              2.4999999947684914              1.3999999999999999              1.3999999999999999
       0.21484375               0.9999999907825087              0.0000000109062833              0.9999999870955114              2.4999999677387792              1.3999999999999999              1.3999999999999999
       0.22265625               0.9999999485385227              0.0000000608900417              0.9999999279539331              2.4999998198848332              1.3999999999999999              1.3999999999999999
       0.23046875               0.9999997392953122              0.0000003084699615              0.9999996350134707              2.4999990875336771              1.3999999999999999              1.3999999999999999
       0.23828125               0.9999987996376984              0.0000014202881888              0.9999983194934613              2.4999957987336536              1.3999999999999999              1.3999999999999999
       0.24609375               0.9999949718915913              0.0000059493450904              0.9999929606597225              2.4999824016493073              1.3999999999999999              1.3999999999999999
       0.25390625               0.9999808312544737              0.0000226808767893              0.9999731639160216              2.4999329097900547              1.3999999999999999              1.3999999999999999
       0.26171875               0.9999335059284640              0.0000786782955394              0.9999069101373209              2.4997672753433031              1.3999999999999999              1.3999999999999999
       0.26953125               0.9997902911543971              0.0002481463139315              0.9997064250797055              2.4992660626992644              1.3999999999999999              1.3999999999999999
       0.27734375               0.9993994964057609              0.0007106603271214              0.9991594317869158              2.4978985794672899              1.3999999999999999              1.3999999999999999
       0.28515625               0.9984412447633036              0.0018453039283086              0.9978186238865592              2.4945465597163987              1.3999999999999999              1.3999999999999999
       0.29296875               0.9963373914555291              0.0043392144919404              0.9948770052204092              2.4871925130510237              1.3999999999999999              1.3999999999999999
       0.30078125               0.9922131592574756              0.0092396854392564              0.9891186291226617              2.4727965728066548              1.3999999999999999              1.3999999999999999
       0.30859375               0.9849990658641252              0.0178499288232169              0.9790709935218046              2.4476774838045121              1.3999999999999999              1.3999999999999999
       0.31640625               0.9737070682449164              0.0314286144006702              0.9634053415328164              2.4085133538320416              1.3999999999999999              1.3999999999999999
       0.32421875               0.9577763316572662              0.0508025680949642              0.9414295425582337              2.3535738563955846              1.3999999999999999              1.3999999999999999
       0.33203125               0.9372855003052194              0.0761086865435669              0.9133772933378624              2.2834432333446566              1.3999999999999999              1.3999999999999999
       0.33984375               0.9128990674032631              0.1068144854508100              0.8803071374797372              2.2007678436993436              1.3999999999999999              1.3999999999999999
       0.34765625               0.8855991220985787              0.1419820457763870              0.8436980387303536              2.1092450968258847              1.3999999999999999              1.3999999999999999
       0.35546875               0.8563639389056420              0.1806205373948386              0.8049862186339990              2.0124655465849979              1.3999999999999999              1.3999999999999999
       0.36328125               0.8259196710827590              0.2219960079688292              0.7652280539121927              1.9130701347804824              1.3999999999999999              1.3999999999999999
       0.37109375               0.7950606403546884              0.2650867374872455              0.7254792598861043              1.8136981497152611              1.3999999999999999              1.3999999999999999
       0.37890625               0.7648488898124109              0.3085768548511742              0.6871657675902383              1.7179144189755962              1.3999999999999999              1.3999999999999999
       0.38671875               0.7357746230426745              0.3518705785224407              0.6508781315229706              1.6271953288074268              1.3999999999999999              1.3999999999999999
       0.39453125               0.7078206143462433              0.3947979807312784              0.6165284904810644              1.5413212262026612              1.3999999999999999              1.3999999999999999
       0.40234375               0.6809627822206178              0.4373558855337850              0.5840226560328152              1.4600566400820385              1.3999999999999999              1.3999999999999999
       0.41015625               0.6551334493786130              0.4795418150772401              0.5532638198032508              1.3831595495081273              1.3999999999999999              1.3999999999999999
       0.41796875               0.6303676735776712              0.5213473619940985              0.5241581115308985              1.3103952788272468              1.3999999999999999              1.3999999999999999
       0.42578125               0.6064156830254389              0.5627716281238394              0.4966307633903478              1.2415769084758699              1.3999999999999999              1.3999999999999999
       0.43359375               0.5837204518959894              0.6037832713982584              0.4706004107916213              1.1765010269790535              1.3999999999999999              1.3999999999999999
       0.44140625               0.5616537025252873              0.6443541027086471              0.4460093556168828              1.1150233890422074              1.3999999999999999              1.3999999999999999
       0.44921875               0.5404789254117177              0.6844370708717076              0.4228128283407455              1.0570320708518639              1.3999999999999999              1.3999999999999999
       0.45703125               0.5205560318639171              0.7239397209778287              0.4009703343637216              1.0024258359093041              1.3999999999999999              1.3999999999999999
       0.46484375               0.5015915618426723              0.7627184472899330              0.3804679046058068              0.9511697615145173              1.3999999999999999              1.3999999999999999
       0.47265625               0.4832682311451890              0.8005234891541873              0.3613540446014038              0.9033851115035098              1.3999999999999999              1.3999999999999999
       0.48046875               0.4659633834428246              0.8368560802881648              0.3437809941931746              0.8594524854829368              1.3999999999999999              1.3999999999999999
       0.48828125               0.4505402863081509              0.8706834619460952              0.3280977109997334              0.8202442774993337              1.3999999999999999              1.3999999999999999
       0.49609375               0.4384244581753204              0.8999491910746827              0.3150245796356958              0.7875614490892396              1.3999999999999999              1.3999999999999999
       0.50390625               0.4297188383982986              0.9211101761748147              0.3058430846056623              0.7646077115141560              1.3999999999999999              1.3999999999999999
       0.51171875               0.4249297104554012              0.9305749776619392              0.3018050631335231              0.7545126578338078              1.3999999999999999              1.3999999999999999
       0.51953125               0.4239897933364329              0.9308770420358559              0.3016717632933947              0.7541794082334871              1.3999999999999999              1.3999999999999999
       0.52734375               0.4243958622991689              0.9292106751992398              0.3023749292920709              0.7559373232301775              1.3999999999999999              1.3999999999999999
       0.53515625               0.4249827196167302              0.9287846168212094              0.3025563152262903              0.7563907880657260              1.3999999999999999              1.3999999999999999
       0.54296875               0.4260345360275217              0.9285843614412320              0.3026471267091723              0.7566178167729307              1.3999999999999999              1.3999999999999999
       0.55078125               0.4263736615494464              0.9285276320363620              0.3026834105870994              0.7567085264677484              1.3999999999999999              1.3999999999999999
       0.55859375               0.4261559145597586              0.9282080595812738              0.3028357375782581              0.7570893439456454              1.3999999999999999              1.3999999999999999
       0.56640625               0.4247484201304259              0.9281426888265432              0.3028834497964247              0.7572086244910620              1.3999999999999999              1.3999999999999999
       0.57421875               0.4233710913490036              0.9279240926209069              0.3029970747580599              0.7574926868951499              1.3999999999999999              1.3999999999999999
       0.58203125               0.4232357052248245              0.9278934564104824              0.3030210270616410              0.7575525676541027              1.3999999999999999              1.3999999999999999
       0.58984375               0.4243052374504121              0.9279195191140095              0.3030093189160463              0.7575232972901160              1.3999999999999999              1.3999999999999999
       0.59765625               0.4262198498223119              0.9279083345575099              0.3029961712879037              0.7574904282197594              1.3999999999999999              1.3999999999999999
       0.60546875               0.4262413959947750              0.9277723369847701              0.3030279102029782              0.7575697755074456              1.3999999999999999              1.3999999999999999
       0.61328125               0.4230347149578655              0.9276558144518799              0.3030401027335994              0.7576002568339988              1.3999999999999999              1.3999999999999999
       0.62109375               0.4118807959771731              0.9272532673916153              0.3031729104208999              0.7579322760522499              1.3999999999999999              1.3999999999999999
       0.62890625               0.3868882453429110              0.9270921007448653              0.3032194135034413              0.7580485337586034              1.3999999999999999              1.3999999999999999
       0.63671875               0.3445887491456767              0.9271471180343874              0.3031962055494868              0.7579905138737172              1.3999999999999999              1.3999999999999999
       0.64453125               0.3031775226601976              0.9272761625905980              0.3031611573820189              0.7579028934550474              1.3999999999999999              1.3999999999999999
       0.65234375               0.2798399828991221              0.9274386831207058              0.3031334041701831              0.7578335104254579              1.3999999999999999              1.3999999999999999
       0.66015625               0.2691124216909920              0.9274666999603114              0.3031645388194755              0.7579113470486889              1.3999999999999999              1.3999999999999999
       0.66796875               0.2651450045081977              0.9276641214203231              0.3031435147823704              0.7578587869559261              1.3999999999999999              1.3999999999999999
       0.67578125               0.2642680415659223              0.9276619888353571              0.3032084353255608              0.7580210883139021              1.3999999999999999              1.3999999999999999
       0.68359375               0.2644085298091530              0.9270682863134353              0.3035056731243742              0.7587641828109356              1.3999999999999999              1.3999999999999999
       0.69140625               0.2649168347738448              0.9274574084071834              0.3034804745167901              0.7587011862919752              1.3999999999999999              1.3999999999999999
       0.69921875               0.2654509004918108              0.9278659648707783              0.3035054590131223              0.7587636475328058              1.3999999999999999              1.3999999999999999
       0.70703125               0.2659031148274063              0.9280201880201873              0.3036082918175412              0.7590207295438530              1.3999999999999999              1.3999999999999999
       0.71484375               0.2657555301729975              0.9296385207560233              0.3031825794595445              0.7579564486488615              1.3999999999999999              1.3999999999999999
       0.72265625               0.2662262574234302              0.9277919039321698              0.3038291211098960              0.7595728027747402              1.3999999999999999              1.3999999999999999
       0.73046875               0.2660576122778778              0.9284754315844926              0.3035124600572724              0.7587811501431813              1.3999999999999999              1.3999999999999999
       0.73828125               0.2655736354651891              0.9296929543227463              0.3027172849894343              0.7567932124735859              1.3999999999999999              1.3999999999999999
       0.74609375               0.2663623505127705              0.9228425822250133              0.3039607391739176              0.7599018479347943              1.3999999999999999              1.3999999999999999
       0.75390625               0.2620790985440730              0.9163727437433998              0.2973153841319198              0.7432884603297996              1.3999999999999999              1.3999999999999999
       0.76171875               0.2301144069130652              0.7398774343683073              0.2471578579904387              0.6178946449760968              1.3999999999999999              1.3999999999999999
       0.76953125               0.1452801111452690              0.1750649534092078              0.1251133710672924              0.3127834276682311              1.3999999999999999              1.3999999999999999
       0.77734375               0.1259758016324816              0.0082814046165945              0.1010987608969949              0.2527469022424873              1.3999999999999999              1.3999999999999999
       0.78515625               0.1250357411487619              0.0003026256969941              0.1000400378076884              0.2501000945192211              1.3999999999999999              1.3999999999999999
       0.79296875               0.1250012890144737              0.0000109133521711              0.1000014437062391              0.2500036092655978              1.3999999999999999              1.3999999999999999
       0.80078125               0.1250000465982607              0.0000003945197548              0.1000000521900651              0.2500001304751627              1.3999999999999999              1.3999999999999999
       0.80859375               0.1250000016749403              0.0000000141807222              0.1000000018759332              0.2500000046898331              1.3999999999999999              1.3999999999999999
       0.81640625               0.1250000000593647              0.0000000005026057              0.1000000000664885              0.2500000001662213              1.3999999999999999              1.3999999999999999
       0.82421875               0.1250000000020489              0.0000000000173464              0.1000000000022947              0.2500000000057369              1.3999999999999999              1.3999999999999999
       0.83203125               0.1250000000000684              0.0000000000005791              0.1000000000000766              0.2500000000001916              1.3999999999999999              1.3999999999999999
       0.83984375               0.1250000000000022              0.0000000000000186              0.1000000000000025              0.2500000000000062              1.3999999999999999              1.3999999999999999
       0.84765625               0.1250000000000001              0.0000000000000005              0.1000000000000001              0.2500000000000002              1.3999999999999999              1.3999999999999999
       0.85546875               0.1250000000000000              0.0000000000000000              0.1000000000000000              0.2500000000000001              1.3999999999999999              1.3999999999999999
       0.86328125               0.1250000000000000              0.0000000000000000              0.1000000000000000              0.2500000000000001              1.3999999999999999              1.3999999999999999
       0.87109375               0.1250000000000000              0.0000000000000000              0.1000000000000000              0.2500000000000001              1.3999999999999999              1.3999999999999999
       0.87890625               0.1250000000000000              0.0000000000000000              0.1000000000000000              0.2500000000000001              1.3999999999999999              1.3999999999999999
       0.88671875               0.1250000000000000              0.0000000000000000              0.1000000000000000              0.2500000000000001              1.3999999999999999              1.3999999999999999
       0.89453125               0.1250000000000000              0.0000000000000000              0.1000000000000000              0.2500000000000001              1.3999999999999999              1.3999999999999999
       0.90234375               0.1250000000000000              0.0000000000000000              0.1000000000000000              0.2500000000000001              1.3999999999999999              1.3999999999999999
       0.91015625               0.1250000000000000              0.0000000000000000              0.1000000000000000              0.2500000000000001              1.3999999999999999              1.3999999999999999
       0.91796875               0.1250000000000000              0.0000000000000000              0.1000000000000000              0.2500000000000001              1.3999999999999999              1.3999999999999999
       0.92578125               0.1250000000000000              0.0000000000000000              0.1000000000000000              0.2500000000000001              1.3999999999999999              1.3999999999999999
       0.93359375               0.1250000000000000              0.0000000000000000              0.1000000000000000              0.2500000000000001              1.3999999999999999              1.3999999999999999
       0.94140625               0.1250000000000000              0.0000000000000000              0.1000000000000000              0.2500000000000001              1.3999999999999999              1.3999999999999999
       0.94921875               0.1250000000000000              0.0000000000000000              0.1000000000000000              0.2500000000000001              1.3999999999999999              1.3999999999999999
       0.95703125               0.1250000000000000              0.0000000000000000              0.1000000000000000              0.2500000000000001              1.3999999999999999              1.3999999999999999
       0.96484375               0.1250000000000000              0.0000000000000000              0.1000000000000000              0.2500000000000001              1.3999999999999999              1.3999999999999999
       0.97265625               0.1250000000000000              0.0000000000000000              0.1000000000000000              0.2500000000000001              1.3999999999999999              1.3999999999999999
       0.98046875               0.1250000000000000              0.0000000000000000              0.1000000000000000              0.2500000000000001              1.3999999999999999              1.3999999999999999
       0.98828125               0.1250000000000000              0.0000000000000000              0.1000000000000000              0.2500000000000001              1.3999999999999999              1.3999999999999999
       0.99609375               0.1250000000000000              0.0000000000000000              0.1000000000000000              0.2500000000000001              1.3999999999999999              1.3999999999999999
