       0.00390625               1.0000000000000000              0.0000000000000000              1.0000000000000000              2.5000000000000004              1.3999999999999999              1.3999999999999999
       0.01171875               1.0000000000000000              0.0000000000000000              1.0000000000000000              2.5000000000000004              1.3999999999999999              1.3999999999999999
       0.01953125               1.0000000000000000              0.0000000000000000              1.0000000000000000              2.5000000000000004              1.3999999999999999              1.3999999999999999
       0.02734375               1.0000000000000000              0.0000000000000000              1.0000000000000000              2.5000000000000004              1.3999999999999999              1.3999999999999999
       0.03515625               1.0000000000000000              0.0000000000000000              1.0000000000000000              2.5000000000000004              1.3999999999999999              1.3999999999999999
       0.04296875               1.0000000000000000              0.0000000000000000              1.0000000000000000              2.5000000000000004              1.3999999999999999              1.3999999999999999
       0.05078125               1.0000000000000000              0.0000000000000000              1.0000000000000000              2.5000000000000004              1.3999999999999999              1.3999999999999999
       0.05859375               1.0000000000000000              0.0000000000000000              1.0000000000000000              2.5000000000000004              1.3999999999999999              1.3999999999999999
       0.06640625               1.0000000000000000              0.0000000000000000              1.0000000000000000              2.5000000000000004              1.3999999999999999              1.3999999999999999
       0.07421875               1.0000000000000000              0.0000000000000000              1.0000000000000000              2.5000000000000004              1.3999999999999999              1.3999999999999999
       0.08203125               1.0000000000000000              0.0000000000000000              1.0000000000000000              2.5000000000000004              1.3999999999999999              1.3999999999999999
       0.08984375               1.0000000000000000              0.0000000000000000              1.0000000000000000              2.5000000000000004              1.3999999999999999              1.3999999999999999
       0.09765625               1.0000000000000000              0.0000000000000000              1.0000000000000000              2.5000000000000004              1.3999999999999999              1.3999999999999999
       0.10546875               1.0000000000000000              0.0000000000000000              1.0000000000000000              2.5000000000000004              1.3999999999999999              1.3999999999999999
       0.11328125               1.0000000000000000              0.0000000000000000              1.0000000000000000              2.5000000000000004              1.3999999999999999              1.3999999999999999
       0.12109375               1.0000000000000000              0.0000000000000000              1.0000000000000000              2.5000000000000004              1.3999999999999999              1.3999999999999999
       0.12890625               1.0000000000000000              0.0000000000000000              1.0000000000000000              2.5000000000000004              1.3999999999999999              1.3999999999999999
       0.13671875               1.0000000000000000              0.0000000000000000              1.0000000000000000              2.5000000000000004              1.3999999999999999              1.3999999999999999
       0.14453125               1.0000000000000000              0.0000000000000000              1.0000000000000000              2.5000000000000004              1.3999999999999999              1.3999999999999999
       0.15234375               1.0000000000000000              0.0000000000000000              1.0000000000000000              2.5000000000000004              1.3999999999999999              1.3999999999999999
       0.16015625               1.0000000000000000              0.0000000000000000              1.0000000000000000              2.5000000000000004              1.3999999999999999              1.3999999999999999
       0.16796875               1.0000000000000000              0.0000000000000000              1.0000000000000000              2.5000000000000004              1.3999999999999999              1.3999999999999999
       0.17578125               0.9999999999999997              0.0000000000000004              0.9999999999999996              2.4999999999999991              1.3999999999999999              1.3999999999999999
       0.18359375               0.9999999999999825              0.0000000000000208              0.9999999999999754              2.4999999999999387              1.3999999999999999              1.3999999999999999
       0.19140625               0.9999999999995398              0.0000000000005443              0.9999999999993561              2.4999999999983906              1.3999999999999999              1.3999999999999999
       0.19921875               0.9999999999921756              0.0000000000092580              0.9999999999890455              2.4999999999726148              1.3999999999999999              1.3999999999999999
       0.20703125               0.9999999999026731              0.0000000001151588              0.9999999998637423              2.4999999996593560              1.3999999999999999              1.3999999999999999
       0.21484375               0.9999999990561329              0.0000000011167984              0.9999999986785864              2.4999999966964666              1.3999999999999999              1.3999999999999999
       0.22265625               0.9999999925709612              0.0000000087901575              0.9999999895993456              2.4999999739983640              1.3999999999999999              1.3999999999999999
       0.23046875               0.9999999512202409              0.0000000577169892              0.9999999317083389              2.4999998292708479              1.3999999999999999              1.3999999999999999
       0.23828125               0.9999997274289433              0.0000003225104253              0.9999996184005684              2.4999990460014212              1.3999999999999999              1.3999999999999999
       0.24609375               0.9999986842554733              0.0000015568100296              0.9999981579587198              2.4999953948967999              1.3999999999999999              1.3999999999999999
       0.25390625               0.9999944489353461              0.0000065681114875              0.9999922285273599              2.4999805713184005              1.3999999999999999              1.3999999999999999
       0.26171875               0.9999793407152573              0.0000244444559653              0.9999710772366406              2.4999276930916019              1.3999999999999999              1.3999999999999999
       0.26953125               0.9999316638470594              0.0000808572543440              0.9999043318340022              2.4997608295850058              1.3999999999999999              1.3999999999999999
       0.27734375               0.9997978410702981              0.0002392062599612              0.9997169978895994              2.4992924947239992              1.3999999999999999              1.3999999999999999
       0.28515625               0.9994622488486491              0.0006363453539458              0.9992472858451905              2.4981182146129766              1.3999999999999999              1.3999999999999999
       0.29296875               0.9987074123669413              0.0015298596982459              0.9981911348968683              2.4954778372421713              1.3999999999999999              1.3999999999999999
       0.30078125               0.9971786009988751              0.0033406715781199              0.9960534905374523              2.4901337263436312              1.3999999999999999              1.3999999999999999
       0.30859375               0.9943778404672650              0.0066622944531256              0.9921420954537804              2.4803552386344516              1.3999999999999999              1.3999999999999999
       0.31640625               0.9897104287085661              0.0122107586139196              0.9856368200664569              2.4640920501661427              1.3999999999999999              1.3999999999999999
       0.32421875               0.9825843814710391              0.0207153423162117              0.9757347686401445              2.4393369216003618              1.3999999999999999              1.3999999999999999
       0.33203125               0.9725309192385521              0.0327860212409235              0.9618242452185752              2.4045606130464385              1.3999999999999999              1.3999999999999999
       0.33984375               0.9592978685371950              0.0488100817965852              0.9436168726837152              2.3590421817092886              1.3999999999999999              1.3999999999999999
       0.34765625               0.9428823182365083              0.0689132675256029              0.9211888187836849              2.3029720469592130              1.3999999999999999              1.3999999999999999
       0.35546875               0.9235013438799390              0.0929858944988452              0.8949306325945604              2.2373265814864016              1.3999999999999999              1.3999999999999999
       0.36328125               0.9015250217742425              0.1207484279046470              0.8654429953410089              2.1636074883525227              1.3999999999999999              1.3999999999999999
       0.37109375               0.8774015311515873              0.1518260670946185              0.8334234041738606              2.0835585104346523              1.3999999999999999              1.3999999999999999
       0.37890625               0.8515949110179618              0.1858116266754255              0.7995742015385737              1.9989355038464349              1.3999999999999999              1.3999999999999999
       0.38671875               0.8245433097293967              0.2223087554920574              0.7645428079139254              1.9113570197848140              1.3999999999999999              1.3999999999999999
       0.39453125               0.7966365711201318              0.2609563628436824              0.7288914964639955              1.8222287411599891              1.3999999999999999              1.3999999999999999
       0.40234375               0.7682081250319661              0.3014389115406961              0.6930884857107713              1.7327212142769286              1.3999999999999999              1.3999999999999999
       0.41015625               0.7395357790645609              0.3434876529450374              0.6575118812543627              1.6437797031359072              1.3999999999999999              1.3999999999999999
       0.41796875               0.7108471824907264              0.3868768092795705              0.6224599988957159              1.5561499972392900              1.3999999999999999              1.3999999999999999
       0.42578125               0.6823271968444301              0.4314173352229515              0.5881639328345645              1.4704098320864116              1.3999999999999999              1.3999999999999999
       0.43359375               0.6541256246121869              0.4769497096943026              0.5548001061339040              1.3870002653347602              1.3999999999999999              1.3999999999999999
       0.44140625               0.6263646126685537              0.5233363008230665              0.5225018243408134              1.3062545608520335              1.3999999999999999              1.3999999999999999
       0.44921875               0.5991456584561080              0.5704530812825974              0.4913696917622841              1.2284242294057104              1.3999999999999999              1.3999999999999999
       0.45703125               0.5725566423433978              0.6181795538221866              0.4614813901558292              1.1537034753895734              1.3999999999999999              1.3999999999999999
       0.46484375               0.5466802333865669              0.6663840486380028              0.4329021096289921              1.0822552740724805              1.3999999999999999              1.3999999999999999
       0.47265625               0.5216061997661111              0.7148974016756646              0.4056986042409548              1.0142465106023870              1.3999999999999999              1.3999999999999999
       0.48046875               0.4974558153834792              0.7634562304300861              0.3799644712312080              0.9499111780780203              1.3999999999999999              1.3999999999999999
       0.48828125               0.4744413577728814              0.8115584649322605              0.3558792749024833              0.8896981872562083              1.3999999999999999              1.3999999999999999
       0.49609375               0.4530393144719774              0.8580301930354027              0.3338798198342659              0.8346995495856648              1.3999999999999999              1.3999999999999999
       0.50390625               0.4345763201596163              0.8995359606418296              0.3152397186416231              0.7880992966040580              1.3999999999999999              1.3999999999999999
       0.51171875               0.4227914255035049              0.9265400883661357              0.3036044901691354              0.7590112254228387              1.3999999999999999              1.3999999999999999
       0.51953125               0.4200831466460990              0.9322263468640132              0.3012055765863253              0.7530139414658135              1.3999999999999999              1.3999999999999999
       0.52734375               0.4200103557279916              0.9314649935402839              0.3015298159418017              0.7538245398545044              1.3999999999999999              1.3999999999999999
       0.53515625               0.4199888248550036              0.9303562115974395              0.3020009258797064              0.7550023146992662              1.3999999999999999              1.3999999999999999
       0.54296875               0.4196813976290381              0.9296491375883541              0.3023032975193646              0.7557582437984116              1.3999999999999999              1.3999999999999999
       0.55078125               0.4190667087135797              0.9291999966268042              0.3024974313406070              0.7562435783515176              1.3999999999999999              1.3999999999999999
       0.55859375               0.4179366276136373              0.9288925289433990              0.3026324502006372              0.7565811255015931              1.3999999999999999              1.3999999999999999
       0.56640625               0.4157425800769307              0.9286680058339379              0.3027332909420058              0.7568332273550146              1.3999999999999999              1.3999999999999999
       0.57421875               0.4115561180844097              0.9284957138056987              0.3028130852036049              0.7570327130090126              1.3999999999999999              1.3999999999999999
       0.58203125               0.4042421819245050              0.9283600998390088              0.3028785499661916              0.7571963749154793              1.3999999999999999              1.3999999999999999
       0.58984375               0.3928783851603265              0.9282529100756300              0.3029332890485622              0.7573332226214057              1.3999999999999999              1.3999999999999999
       0.59765625               0.3772661000687812              0.9281689559215728              0.3029795717102156              0.7574489292755392              1.3999999999999999              1.3999999999999999
       0.60546875               0.3582514302666145              0.9281044353408049              0.3030190273517981              0.7575475683794956              1.3999999999999999              1.3999999999999999
       0.61328125               0.3376293857387210              0.9280561182881144              0.3030529441819878              0.7576323604549697              1.3999999999999999              1.3999999999999999
       0.62109375               0.3176314361152164              0.9280208292748716              0.3030823757421006              0.7577059393552517              1.3999999999999999              1.3999999999999999
       0.62890625               0.3002394410971643              0.9279951610627289              0.3031080493208968              0.7577701233022421              1.3999999999999999              1.3999999999999999
       0.63671875               0.2866540658440936              0.9279751783788546              0.3031301311684534              0.7578253279211338              1.3999999999999999              1.3999999999999999
       0.64453125               0.2771268363687607              0.9279556235964574              0.3031479648944068              0.7578699122360173              1.3999999999999999              1.3999999999999999
       0.65234375               0.2711472852750784              0.9279285050431401              0.3031597165416342              0.7578992913540857              1.3999999999999999              1.3999999999999999
       0.66015625               0.2678135204333039              0.9278807357761176              0.3031616486751528              0.7579041216878823              1.3999999999999999              1.3999999999999999
       0.66796875               0.2661859211928313              0.9277872869496643              0.3031458346523813              0.7578645866309534              1.3999999999999999              1.3999999999999999
       0.67578125               0.2654994948168995              0.9275792398042588              0.3030894759099103              0.7577236897747758              1.3999999999999999              1.3999999999999999
       0.68359375               0.2651967970484921              0.9269782559683072              0.3028995223756690              0.7572488059391725              1.3999999999999999              1.3999999999999999
       0.69140625               0.2647196503419392              0.9246604767289797              0.3021330433525269              0.7553326083813173              1.3999999999999999              1.3999999999999999
       0.69921875               0.2626108581011315              0.9142597610265998              0.2986788193250652              0.7466970483126631              1.3999999999999999              1.3999999999999999
       0.70703125               0.2531518927958905              0.8675874490734949              0.2835629994311438              0.7089074985778595              1.3999999999999999              1.3999999999999999
       0.71484375               0.2209882624746659              0.6953532780010202              0.2334163683291154              0.5835409208227886              1.3999999999999999              1.3999999999999999
       0.72265625               0.1666289799334655              0.3400825943974760              0.1534834301219916              0.3837085753049790              1.3999999999999999              1.3999999999999999
       0.73046875               0.1335299388040633              0.0727016304994229              0.1099317806452002              0.2748294516130005              1.3999999999999999              1.3999999999999999
       0.73828125               0.1260732400235865              0.0090999259536343              0.1012081480932612              0.2530203702331532              1.3999999999999999              1.3999999999999999
       0.74609375               0.1251176677564871              0.0009963996145940              0.1001318618530421              0.2503296546326053              1.3999999999999999              1.3999999999999999
       0.75390625               0.1250122844143683              0.0001040068789969              0.1000137593607107              0.2500343984017768              1.3999999999999999              1.3999999999999999
       0.76171875               0.1250012175477016              0.0000103082729345              0.1000013636615946              0.2500034091539865              1.3999999999999999              1.3999999999999999
       0.76953125               0.1250001124264117              0.0000009518476500              0.1000001259176524              0.2500003147941312              1.3999999999999999              1.3999999999999999
       0.77734375               0.1250000094394554              0.0000000799182462              0.1000000105721906              0.2500000264304765              1.3999999999999999              1.3999999999999999
       0.78515625               0.1250000006998210              0.0000000059249673              0.1000000007837995              0.2500000019594988              1.3999999999999999              1.3999999999999999
       0.79296875               0.1250000000441808              0.0000000003740524              0.1000000000494825              0.2500000001237063              1.3999999999999999              1.3999999999999999
       0.80078125               0.1250000000022639              0.0000000000191673              0.1000000000025356              0.2500000000063390              1.3999999999999999              1.3999999999999999
       0.80859375               0.1250000000000878              0.0000000000007428              0.1000000000000983              0.2500000000002457              1.3999999999999999              1.3999999999999999
       0.81640625               0.1250000000000023              0.0000000000000193              0.1000000000000025              0.2500000000000064              1.3999999999999999              1.3999999999999999
       0.82421875               0.1250000000000000              0.0000000000000002              0.1000000000000000              0.2500000000000002              1.3999999999999999              1.3999999999999999
       0.83203125               0.1250000000000000              0.0000000000000000              0.1000000000000000              0.2500000000000001              1.3999999999999999              1.3999999999999999
       0.83984375               0.1250000000000000              0.0000000000000000              0.1000000000000000              0.2500000000000001              1.3999999999999999              1.3999999999999999
       0.84765625               0.1250000000000000              0.0000000000000000              0.1000000000000000              0.2500000000000001              1.3999999999999999              1.3999999999999999
       0.85546875               0.1250000000000000              0.0000000000000000              0.1000000000000000              0.2500000000000001              1.3999999999999999              1.3999999999999999
       0.86328125               0.1250000000000000              0.0000000000000000              0.1000000000000000              0.2500000000000001              1.3999999999999999              1.3999999999999999
       0.87109375               0.1250000000000000              0.0000000000000000              0.1000000000000000              0.2500000000000001              1.3999999999999999              1.3999999999999999
       0.87890625               0.1250000000000000              0.0000000000000000              0.1000000000000000              0.2500000000000001              1.3999999999999999              1.3999999999999999
       0.88671875               0.1250000000000000              0.0000000000000000              0.1000000000000000              0.2500000000000001              1.3999999999999999              1.3999999999999999
       0.89453125               0.1250000000000000              0.0000000000000000              0.1000000000000000              0.2500000000000001              1.3999999999999999              1.3999999999999999
       0.90234375               0.1250000000000000              0.0000000000000000              0.1000000000000000              0.2500000000000001              1.3999999999999999              1.3999999999999999
       0.91015625               0.1250000000000000              0.0000000000000000              0.1000000000000000              0.2500000000000001              1.3999999999999999              1.3999999999999999
       0.91796875               0.1250000000000000              0.0000000000000000              0.1000000000000000              0.2500000000000001              1.3999999999999999              1.3999999999999999
       0.92578125               0.1250000000000000              0.0000000000000000              0.1000000000000000              0.2500000000000001              1.3999999999999999              1.3999999999999999
       0.93359375               0.1250000000000000              0.0000000000000000              0.1000000000000000              0.2500000000000001              1.3999999999999999              1.3999999999999999
       0.94140625               0.1250000000000000              0.0000000000000000              0.1000000000000000              0.2500000000000001              1.3999999999999999              1.3999999999999999
       0.94921875               0.1250000000000000              0.0000000000000000              0.1000000000000000              0.2500000000000001              1.3999999999999999              1.3999999999999999
       0.95703125               0.1250000000000000              0.0000000000000000              0.1000000000000000              0.2500000000000001              1.3999999999999999              1.3999999999999999
       0.96484375               0.1250000000000000              0.0000000000000000              0.1000000000000000              0.2500000000000001              1.3999999999999999              1.3999999999999999
       0.97265625               0.1250000000000000              0.0000000000000000              0.1000000000000000              0.2500000000000001              1.3999999999999999              1.3999999999999999
       0.98046875               0.1250000000000000              0.0000000000000000              0.1000000000000000              0.2500000000000001              1.3999999999999999              1.3999999999999999
       0.98828125               0.1250000000000000              0.0000000000000000              0.1000000000000000              0.2500000000000001              1.3999999999999999              1.3999999999999999
       0.99609375               0.1250000000000000              0.0000000000000000              0.1000000000000000              0.2500000000000001              1.3999999999999999              1.3999999999999999
